2026-08-16 01:19:21.814 INFO [recvWorker-24][:] - 副属性 id=281873304391993039 type=AttributeType{value=1, name='基本属性加成'} sysAtt=AIA{vs=[0, 0, 0, 0, 0, 0, 0, 0, 0, 0, 0, 0, 0, 0, 0, 0, 0, 0, 0, 0, 0, 0, 0, 0, 0, 0, 0, 0, 0, 0, 0, 0, 0, 0, 0, 0, 0, 0, 0, 0, 0, 0, 0, 0, 0, 0, 0, 0, 0, 0, 0, 0, 0, 0, 0], _s=55}
2026-08-16 01:19:21.814 INFO [recvWorker-24][:] - 副属性 id=281873304391993039 type=AttributeType{value=2, name='装备属性'} sysAtt=AIA{vs=[0, 0, 0, 0, 0, 0, 0, 0, 0, 0, 0, 0, 0, 0, 0, 0, 0, 0, 0, 0, 0, 0, 0, 0, 0, 0, 0, 0, 0, 0, 0, 0, 0, 0, 0, 0, 0, 0, 0, 0, 0, 0, 0, 0, 0, 0, 0, 0, 0, 0, 0, 0, 0, 0, 0], _s=55}
2026-08-16 01:19:21.814 INFO [recvWorker-24][:] - 副属性 id=281873304391993039 type=AttributeType{value=3, name='BUFF属性'} sysAtt=AIA{vs=[0, 0, 0, 0, 0, 0, 0, 0, 0, 0, 0, 0, 0, 0, 0, 0, 0, 0, 0, 0, 0, 0, 0, 0, 0, 0, 0, 0, 0, 0, 0, 0, 0, 0, 0, 0, 0, 0, 0, 0, 0, 0, 0, 0, 0, 0, 0, 0, 0, 0, 0, 0, 0, 0, 0], _s=55}
2026-08-16 01:19:21.814 INFO [recvWorker-24][:] - 副属性 id=281873304391993039 type=AttributeType{value=4, name='属性药'} sysAtt=AIA{vs=[0, 0, 0, 0, 0, 0, 0, 0, 0, 0, 0, 0, 0, 0, 0, 0, 0, 0, 0, 0, 0, 0, 0, 0, 0, 0, 0, 0, 0, 0, 0, 0, 0, 0, 0, 0, 0, 0, 0, 0, 0, 0, 0, 0, 0, 0, 0, 0, 0, 0, 0, 0, 0, 0, 0], _s=55}
2026-08-16 01:19:21.814 INFO [recvWorker-24][:] - 副属性 id=281873304391993039 type=AttributeType{value=5, name='坐骑属性加成'} sysAtt=AIA{vs=[0, 0, 0, 0, 0, 0, 0, 0, 0, 0, 0, 0, 0, 0, 0, 0, 0, 0, 0, 0, 0, 0, 0, 0, 0, 0, 0, 0, 0, 0, 0, 0, 0, 0, 0, 0, 0, 0, 0, 0, 0, 0, 0, 0, 0, 0, 0, 0, 0, 0, 0, 0, 0, 0, 0], _s=55}
2026-08-16 01:19:21.814 INFO [recvWorker-24][:] - 副属性 id=281873304391993039 type=AttributeType{value=6, name='婚姻'} sysAtt=AIA{vs=[0, 0, 0, 0, 0, 0, 0, 0, 0, 0, 0, 0, 0, 0, 0, 0, 0, 0, 0, 0, 0, 0, 0, 0, 0, 0, 0, 0, 0, 0, 0, 0, 0, 0, 0, 0, 0, 0, 0, 0, 0, 0, 0, 0, 0, 0, 0, 0, 0, 0, 0, 0, 0, 0, 0], _s=55}
2026-08-16 01:19:21.814 INFO [recvWorker-24][:] - 副属性 id=281873304391993039 type=AttributeType{value=7, name='宠物'} sysAtt=AIA{vs=[0, 0, 0, 0, 0, 0, 0, 0, 0, 0, 0, 0, 0, 0, 0, 0, 0, 0, 0, 0, 0, 0, 0, 0, 0, 0, 0, 0, 0, 0, 0, 0, 0, 0, 0, 0, 0, 0, 0, 0, 0, 0, 0, 0, 0, 0, 0, 0, 0, 0, 0, 0, 0, 0, 0], _s=55}
2026-08-16 01:19:21.814 INFO [recvWorker-24][:] - 副属性 id=281873304391993039 type=AttributeType{value=8, name='称号'} sysAtt=AIA{vs=[0, 0, 0, 0, 0, 0, 0, 0, 0, 0, 0, 0, 0, 0, 0, 0, 0, 0, 0, 0, 0, 0, 0, 0, 0, 0, 0, 0, 0, 0, 0, 0, 0, 0, 0, 0, 0, 0, 0, 0, 0, 0, 0, 0, 0, 0, 0, 0, 0, 0, 0, 0, 0, 0, 0], _s=55}
2026-08-16 01:19:21.815 INFO [recvWorker-24][:] - 副属性 id=281873304391993039 type=AttributeType{value=9, name='境界VIP'} sysAtt=AIA{vs=[0, 0, 0, 0, 0, 0, 0, 0, 0, 0, 0, 0, 0, 0, 0, 0, 0, 0, 0, 0, 0, 0, 0, 0, 0, 0, 0, 0, 0, 0, 0, 0, 0, 0, 0, 0, 0, 0, 0, 0, 0, 0, 0, 0, 0, 0, 0, 0, 0, 0, 0, 0, 0, 0, 0], _s=55}
2026-08-16 01:19:21.815 INFO [recvWorker-24][:] - 副属性 id=281873304391993039 type=AttributeType{value=10, name='技能'} sysAtt=AIA{vs=[0, 500, 500, 500, 500, 0, 0, 0, 0, 0, 0, 0, 0, 0, 0, 0, 0, 0, 0, 0, 0, 0, 0, 0, 0, 0, 0, 0, 0, 0, 0, 0, 0, 0, 0, 0, 0, 0, 0, 0, 0, 0, 0, 0, 0, 0, 0, 0, 0, 0, 0, 0, 0, 0, 0], _s=55}
2026-08-16 01:19:21.815 INFO [recvWorker-24][:] - 副属性 id=281873304391993039 type=AttributeType{value=11, name='翅膀'} sysAtt=AIA{vs=[0, 0, 0, 0, 0, 0, 0, 0, 0, 0, 0, 0, 0, 0, 0, 0, 0, 0, 0, 0, 0, 0, 0, 0, 0, 0, 0, 0, 0, 0, 0, 0, 0, 0, 0, 0, 0, 0, 0, 0, 0, 0, 0, 0, 0, 0, 0, 0, 0, 0, 0, 0, 0, 0, 0], _s=55}
2026-08-16 01:19:21.815 INFO [recvWorker-24][:] - 副属性 id=281873304391993039 type=AttributeType{value=12, name='任务'} sysAtt=AIA{vs=[0, 0, 0, 0, 0, 0, 0, 0, 0, 0, 0, 0, 0, 0, 0, 0, 0, 0, 0, 0, 0, 0, 0, 0, 0, 0, 0, 0, 0, 0, 0, 0, 0, 0, 0, 0, 0, 0, 0, 0, 0, 0, 0, 0, 0, 0, 0, 0, 0, 0, 0, 0, 0, 0, 0], _s=55}
2026-08-16 01:19:21.815 INFO [recvWorker-24][:] - 副属性 id=281873304391993039 type=AttributeType{value=13, name='魂兽'} sysAtt=AIA{vs=[0, 0, 0, 0, 0, 0, 0, 0, 0, 0, 0, 0, 0, 0, 0, 0, 0, 0, 0, 0, 0, 0, 0, 0, 0, 0, 0, 0, 0, 0, 0, 0, 0, 0, 0, 0, 0, 0, 0, 0, 0, 0, 0, 0, 0, 0, 0, 0, 0, 0, 0, 0, 0, 0, 0], _s=55}
2026-08-16 01:19:21.815 INFO [recvWorker-24][:] - 副属性 id=281873304391993039 type=AttributeType{value=14, name='符咒任务属性'} sysAtt=AIA{vs=[0, 0, 0, 0, 0, 0, 0, 0, 0, 0, 0, 0, 0, 0, 0, 0, 0, 0, 0, 0, 0, 0, 0, 0, 0, 0, 0, 0, 0, 0, 0, 0, 0, 0, 0, 0, 0, 0, 0, 0, 0, 0, 0, 0, 0, 0, 0, 0, 0, 0, 0, 0, 0, 0, 0], _s=55}
2026-08-16 01:19:21.815 INFO [recvWorker-24][:] - 副属性 id=281873304391993039 type=AttributeType{value=15, name='造化子功能法器'} sysAtt=AIA{vs=[0, 0, 0, 0, 0, 0, 0, 0, 0, 0, 0, 0, 0, 0, 0, 0, 0, 0, 0, 0, 0, 0, 0, 0, 0, 0, 0, 0, 0, 0, 0, 0, 0, 0, 0, 0, 0, 0, 0, 0, 0, 0, 0, 0, 0, 0, 0, 0, 0, 0, 0, 0, 0, 0, 0], _s=55}
2026-08-16 01:19:21.815 INFO [recvWorker-24][:] - 副属性 id=281873304391993039 type=AttributeType{value=16, name='造化子功能阵法'} sysAtt=AIA{vs=[0, 0, 0, 0, 0, 0, 0, 0, 0, 0, 0, 0, 0, 0, 0, 0, 0, 0, 0, 0, 0, 0, 0, 0, 0, 0, 0, 0, 0, 0, 0, 0, 0, 0, 0, 0, 0, 0, 0, 0, 0, 0, 0, 0, 0, 0, 0, 0, 0, 0, 0, 0, 0, 0, 0], _s=55}
2026-08-16 01:19:21.815 INFO [recvWorker-24][:] - 副属性 id=281873304391993039 type=AttributeType{value=17, name='造化子功能神兵'} sysAtt=AIA{vs=[0, 0, 0, 0, 0, 0, 0, 0, 0, 0, 0, 0, 0, 0, 0, 0, 0, 0, 0, 0, 0, 0, 0, 0, 0, 0, 0, 0, 0, 0, 0, 0, 0, 0, 0, 0, 0, 0, 0, 0, 0, 0, 0, 0, 0, 0, 0, 0, 0, 0, 0, 0, 0, 0, 0], _s=55}
2026-08-16 01:19:21.815 INFO [recvWorker-24][:] - 副属性 id=281873304391993039 type=AttributeType{value=18, name='宝石'} sysAtt=AIA{vs=[0, 0, 0, 0, 0, 0, 0, 0, 0, 0, 0, 0, 0, 0, 0, 0, 0, 0, 0, 0, 0, 0, 0, 0, 0, 0, 0, 0, 0, 0, 0, 0, 0, 0, 0, 0, 0, 0, 0, 0, 0, 0, 0, 0, 0, 0, 0, 0, 0, 0, 0, 0, 0, 0, 0], _s=55}
2026-08-16 01:19:21.815 INFO [recvWorker-24][:] - 副属性 id=281873304391993039 type=AttributeType{value=19, name='识海'} sysAtt=AIA{vs=[0, 0, 0, 0, 0, 0, 0, 0, 0, 0, 0, 0, 0, 0, 0, 0, 0, 0, 0, 0, 0, 0, 0, 0, 0, 0, 0, 0, 0, 0, 0, 0, 0, 0, 0, 0, 0, 0, 0, 0, 0, 0, 0, 0, 0, 0, 0, 0, 0, 0, 0, 0, 0, 0, 0], _s=55}
2026-08-16 01:19:21.815 INFO [recvWorker-24][:] - 副属性 id=281873304391993039 type=AttributeType{value=20, name='仙魂系统加成'} sysAtt=AIA{vs=[0, 0, 0, 0, 0, 0, 0, 0, 0, 0, 0, 0, 0, 0, 0, 0, 0, 0, 0, 0, 0, 0, 0, 0, 0, 0, 0, 0, 0, 0, 0, 0, 0, 0, 0, 0, 0, 0, 0, 0, 0, 0, 0, 0, 0, 0, 0, 0, 0, 0, 0, 0, 0, 0, 0], _s=55}
2026-08-16 01:19:21.815 INFO [recvWorker-24][:] - 副属性 id=281873304391993039 type=AttributeType{value=21, name='灵压法宝'} sysAtt=AIA{vs=[0, 0, 0, 0, 0, 0, 0, 0, 0, 0, 0, 0, 0, 0, 0, 0, 0, 0, 0, 0, 0, 0, 0, 0, 0, 0, 0, 0, 0, 0, 0, 0, 0, 0, 0, 0, 0, 0, 0, 0, 0, 0, 0, 0, 0, 0, 0, 0, 0, 0, 0, 0, 0, 0, 0], _s=55}
2026-08-16 01:19:21.815 INFO [recvWorker-24][:] - 副属性 id=281873304391993039 type=AttributeType{value=22, name='装备收集'} sysAtt=AIA{vs=[0, 0, 0, 0, 0, 0, 0, 0, 0, 0, 0, 0, 0, 0, 0, 0, 0, 0, 0, 0, 0, 0, 0, 0, 0, 0, 0, 0, 0, 0, 0, 0, 0, 0, 0, 0, 0, 0, 0, 0, 0, 0, 0, 0, 0, 0, 0, 0, 0, 0, 0, 0, 0, 0, 0], _s=55}
2026-08-16 01:19:21.815 INFO [recvWorker-24][:] - 副属性 id=281873304391993039 type=AttributeType{value=23, name='圣装系统加成'} sysAtt=AIA{vs=[0, 0, 0, 0, 0, 0, 0, 0, 0, 0, 0, 0, 0, 0, 0, 0, 0, 0, 0, 0, 0, 0, 0, 0, 0, 0, 0, 0, 0, 0, 0, 0, 0, 0, 0, 0, 0, 0, 0, 0, 0, 0, 0, 0, 0, 0, 0, 0, 0, 0, 0, 0, 0, 0, 0], _s=55}
2026-08-16 01:19:21.815 INFO [recvWorker-24][:] - 副属性 id=281873304391993039 type=AttributeType{value=24, name='洗髓属性'} sysAtt=AIA{vs=[0, 0, 0, 0, 0, 0, 0, 0, 0, 0, 0, 0, 0, 0, 0, 0, 0, 0, 0, 0, 0, 0, 0, 0, 0, 0, 0, 0, 0, 0, 0, 0, 0, 0, 0, 0, 0, 0, 0, 0, 0, 0, 0, 0, 0, 0, 0, 0, 0, 0, 0, 0, 0, 0, 0], _s=55}
2026-08-16 01:19:21.815 INFO [recvWorker-24][:] - 副属性 id=281873304391993039 type=AttributeType{value=25, name='仙甲属性'} sysAtt=AIA{vs=[0, 0, 0, 0, 0, 0, 0, 0, 0, 0, 0, 0, 0, 0, 0, 0, 0, 0, 0, 0, 0, 0, 0, 0, 0, 0, 0, 0, 0, 0, 0, 0, 0, 0, 0, 0, 0, 0, 0, 0, 0, 0, 0, 0, 0, 0, 0, 0, 0, 0, 0, 0, 0, 0, 0], _s=55}
2026-08-16 01:19:21.815 INFO [recvWorker-24][:] - 副属性 id=281873304391993039 type=AttributeType{value=26, name='新化形属性'} sysAtt=AIA{vs=[0, 0, 0, 0, 0, 0, 0, 0, 0, 0, 0, 0, 0, 0, 0, 0, 0, 0, 0, 0, 0, 0, 0, 0, 0, 0, 0, 0, 0, 0, 0, 0, 0, 0, 0, 0, 0, 0, 0, 0, 0, 0, 0, 0, 0, 0, 0, 0, 0, 0, 0, 0, 0, 0, 0], _s=55}
2026-08-16 01:19:21.815 INFO [recvWorker-24][:] - 副属性 id=281873304391993039 type=AttributeType{value=27, name='新时装属性'} sysAtt=AIA{vs=[0, 0, 0, 0, 0, 0, 0, 0, 0, 0, 0, 0, 0, 0, 0, 0, 0, 0, 0, 0, 0, 0, 0, 0, 0, 0, 0, 0, 0, 0, 0, 0, 0, 0, 0, 0, 0, 0, 0, 0, 0, 0, 0, 0, 0, 0, 0, 0, 0, 0, 0, 0, 0, 0, 0], _s=55}
2026-08-16 01:19:21.815 INFO [recvWorker-24][:] - 副属性 id=281873304391993039 type=AttributeType{value=28, name='魂甲系统'} sysAtt=AIA{vs=[0, 0, 0, 0, 0, 0, 0, 0, 0, 0, 0, 0, 0, 0, 0, 0, 0, 0, 0, 0, 0, 0, 0, 0, 0, 0, 0, 0, 0, 0, 0, 0, 0, 0, 0, 0, 0, 0, 0, 0, 0, 0, 0, 0, 0, 0, 0, 0, 0, 0, 0, 0, 0, 0, 0], _s=55}
2026-08-16 01:19:21.815 INFO [recvWorker-24][:] - 副属性 id=281873304391993039 type=AttributeType{value=29, name='魔魂系统'} sysAtt=AIA{vs=[0, 0, 0, 0, 0, 0, 0, 0, 0, 0, 0, 0, 0, 0, 0, 0, 0, 0, 0, 0, 0, 0, 0, 0, 0, 0, 0, 0, 0, 0, 0, 0, 0, 0, 0, 0, 0, 0, 0, 0, 0, 0, 0, 0, 0, 0, 0, 0, 0, 0, 0, 0, 0, 0, 0], _s=55}
2026-08-16 01:19:21.815 INFO [recvWorker-24][:] - 副属性 id=281873304391993039 type=AttributeType{value=30, name='VIP系统'} sysAtt=AIA{vs=[0, 0, 0, 0, 0, 0, 0, 0, 0, 0, 0, 0, 0, 0, 0, 0, 0, 0, 0, 0, 0, 0, 0, 0, 0, 0, 0, 0, 0, 0, 0, 0, 0, 0, 0, 0, 0, 0, 0, 0, 0, 0, 0, 0, 0, 0, 0, 0, 0, 0, 0, 0, 0, 0, 0], _s=55}
2026-08-16 01:19:21.815 INFO [recvWorker-24][:] - 副属性 id=281873304391993039 type=AttributeType{value=31, name='幻装系统'} sysAtt=AIA{vs=[0, 0, 0, 0, 0, 0, 0, 0, 0, 0, 0, 0, 0, 0, 0, 0, 0, 0, 0, 0, 0, 0, 0, 0, 0, 0, 0, 0, 0, 0, 0, 0, 0, 0, 0, 0, 0, 0, 0, 0, 0, 0, 0, 0, 0, 0, 0, 0, 0, 0, 0, 0, 0, 0, 0], _s=55}
2026-08-16 01:19:21.815 INFO [recvWorker-24][:] - 主属性 id=281873304391993039 type=AttributeType{value=1, name='基本属性加成'} att=AIA{vs=[0, 435, 11658, 217, 217, 0, 0, 0, 2001, 0, 0, 142, 142, 0, 0, 0, 0, 0, 0, 0, 0, 0, 0, 0, 0, 0, 0, 0, 0, 0, 0, 0, 0, 0, 0, 0, 0, 0, 0, 0, 0, 0, 0, 0, 1000, 0, 0, 0, 0, 0, 0, 0, 0, 0, 0, 0, 0, 0, 0, 0, 40, 0, 0], _s=63}
2026-08-16 01:19:21.815 INFO [recvWorker-24][:] - 主属性 id=281873304391993039 type=AttributeType{value=2, name='装备属性'} att=AIA{vs=[0, 3827, 23464, 1910, 433, 0, 0, 0, 0, 0, 0, 0, 0, 0, 0, 0, 0, 0, 0, 0, 0, 0, 0, 540, 0, 0, 0, 0, 0, 270, 0, 270, 0, 0, 0, 0, 0, 0, 0, 0, 0, 0, 0, 0, 0, 0, 0, 0, 0, 0, 0, 0, 0, 0, 0, 0, 0, 0, 0, 0, 0, 0, 0], _s=63}
2026-08-16 01:19:21.815 INFO [recvWorker-24][:] - 主属性 id=281873304391993039 type=AttributeType{value=3, name='BUFF属性'} att=AIA{vs=[0, 0, 0, 0, 0, 0, 0, 0, 0, 0, 0, 0, 0, 0, 0, 0, 0, 0, 0, 0, 0, 0, 0, 0, 0, 0, 0, 0, 0, 0, 0, 0, 0, 0, 0, 0, 0, 0, 0, 0, 0, 0, 0, 0, 0, 0, 0, 0, 0, 0, 0, 0, 0, 0, 0, 0, 0, 0, 0, 0, 0, 0, 0], _s=63}
2026-08-16 01:19:21.815 INFO [recvWorker-24][:] - 主属性 id=281873304391993039 type=AttributeType{value=4, name='属性药'} att=AIA{vs=[0, 0, 0, 0, 0, 0, 0, 0, 0, 0, 0, 0, 0, 0, 0, 0, 0, 0, 0, 0, 0, 0, 0, 0, 0, 0, 0, 0, 0, 0, 0, 0, 0, 0, 0, 0, 0, 0, 0, 0, 0, 0, 0, 500, 0, 0, 0, 0, 0, 0, 0, 0, 0, 0, 0, 0, 0, 0, 0, 0, 0, 0, 0], _s=63}
2026-08-16 01:19:21.815 INFO [recvWorker-24][:] - 主属性 id=281873304391993039 type=AttributeType{value=5, name='坐骑属性加成'} att=AIA{vs=[0, 777, 21235, 306, 306, 0, 0, 0, 2500, 0, 0, 0, 0, 0, 0, 0, 0, 0, 0, 0, 0, 0, 0, 0, 0, 0, 0, 0, 0, 0, 0, 0, 0, 0, 0, 0, 0, 0, 0, 0, 0, 0, 0, 0, 0, 0, 0, 0, 0, 0, 0, 0, 0, 0, 0, 0, 0, 0, 0, 0, 0, 0, 0], _s=63}
2026-08-16 01:19:21.815 INFO [recvWorker-24][:] - 主属性 id=281873304391993039 type=AttributeType{value=6, name='婚姻'} att=AIA{vs=[0, 0, 0, 0, 0, 0, 0, 0, 0, 0, 0, 0, 0, 0, 0, 0, 0, 0, 0, 0, 0, 0, 0, 0, 0, 0, 0, 0, 0, 0, 0, 0, 0, 0, 0, 0, 0, 0, 0, 0, 0, 0, 0, 0, 0, 0, 0, 0, 0, 0, 0, 0, 0, 0, 0, 0, 0, 0, 0, 0, 0, 0, 0], _s=63}
2026-08-16 01:19:21.815 INFO [recvWorker-24][:] - 主属性 id=281873304391993039 type=AttributeType{value=7, name='宠物'} att=AIA{vs=[0, 0, 0, 0, 0, 0, 0, 0, 0, 0, 0, 0, 0, 0, 0, 0, 0, 0, 0, 0, 0, 0, 0, 0, 0, 0, 0, 0, 0, 0, 0, 0, 0, 0, 0, 0, 0, 0, 0, 0, 0, 0, 0, 0, 0, 0, 0, 0, 0, 0, 0, 0, 0, 0, 0, 0, 0, 0, 0, 0, 0, 0, 0], _s=63}
2026-08-16 01:19:21.815 INFO [recvWorker-24][:] - 主属性 id=281873304391993039 type=AttributeType{value=8, name='称号'} att=AIA{vs=[0, 0, 0, 0, 0, 0, 0, 0, 0, 0, 0, 0, 0, 0, 0, 0, 0, 0, 0, 0, 0, 0, 0, 0, 0, 0, 0, 0, 0, 0, 0, 0, 0, 0, 0, 0, 0, 0, 0, 0, 0, 0, 0, 0, 0, 0, 0, 0, 0, 0, 0, 0, 0, 0, 0, 0, 0, 0, 0, 0, 0, 0, 0], _s=63}
2026-08-16 01:19:21.815 INFO [recvWorker-24][:] - 主属性 id=281873304391993039 type=AttributeType{value=9, name='境界VIP'} att=AIA{vs=[0, 0, 0, 0, 0, 0, 0, 0, 0, 0, 0, 0, 0, 0, 0, 0, 0, 0, 0, 0, 0, 0, 0, 0, 0, 0, 0, 0, 0, 0, 0, 0, 0, 0, 0, 0, 0, 0, 0, 0, 0, 0, 0, 0, 0, 0, 0, 0, 0, 0, 0, 0, 0, 0, 0, 0, 0, 0, 0, 0, 0, 0, 0], _s=63}
2026-08-16 01:19:21.815 INFO [recvWorker-24][:] - 主属性 id=281873304391993039 type=AttributeType{value=10, name='技能'} att=AIA{vs=[0, 18, 500, 8, 8, 0, 0, 0, 0, 0, 0, 0, 0, 0, 0, 0, 0, 0, 0, 0, 0, 0, 0, 0, 0, 0, 0, 0, 0, 0, 0, 0, 0, 0, 0, 0, 0, 0, 0, 0, 0, 0, 0, 0, 0, 0, 0, 0, 0, 0, 0, 0, 0, 0, 0, 0, 0, 0, 0, 0, 0, 0, 0], _s=63}
2026-08-16 01:19:21.815 INFO [recvWorker-24][:] - 主属性 id=281873304391993039 type=AttributeType{value=11, name='翅膀'} att=AIA{vs=[0, 0, 0, 0, 0, 0, 0, 0, 0, 0, 0, 0, 0, 0, 0, 0, 0, 0, 0, 0, 0, 0, 0, 0, 0, 0, 0, 0, 0, 0, 0, 0, 0, 0, 0, 0, 0, 0, 0, 0, 0, 0, 0, 0, 0, 0, 0, 0, 0, 0, 0, 0, 0, 0, 0, 0, 0, 0, 0, 0, 0, 0, 0], _s=63}
2026-08-16 01:19:21.815 INFO [recvWorker-24][:] - 主属性 id=281873304391993039 type=AttributeType{value=12, name='任务'} att=AIA{vs=[0, 0, 0, 0, 0, 0, 0, 0, 0, 0, 0, 0, 0, 0, 0, 0, 0, 0, 0, 0, 0, 0, 0, 0, 0, 0, 0, 0, 0, 0, 0, 0, 0, 0, 0, 0, 0, 0, 0, 0, 0, 0, 0, 0, 0, 0, 0, 0, 0, 0, 0, 0, 0, 0, 0, 0, 0, 0, 0, 0, 0, 0, 0], _s=63}
2026-08-16 01:19:21.815 INFO [recvWorker-24][:] - 主属性 id=281873304391993039 type=AttributeType{value=13, name='魂兽'} att=AIA{vs=[0, 0, 0, 0, 0, 0, 0, 0, 0, 0, 0, 0, 0, 0, 0, 0, 0, 0, 0, 0, 0, 0, 0, 0, 0, 0, 0, 0, 0, 0, 0, 0, 0, 0, 0, 0, 0, 0, 0, 0, 0, 0, 0, 0, 0, 0, 0, 0, 0, 0, 0, 0, 0, 0, 0, 0, 0, 0, 0, 0, 0, 0, 0], _s=63}
2026-08-16 01:19:21.815 INFO [recvWorker-24][:] - 主属性 id=281873304391993039 type=AttributeType{value=14, name='符咒任务属性'} att=AIA{vs=[0, 0, 0, 0, 0, 0, 0, 0, 0, 0, 0, 0, 0, 0, 0, 0, 0, 0, 0, 0, 0, 0, 0, 0, 0, 0, 0, 0, 0, 0, 0, 0, 0, 0, 0, 0, 0, 0, 0, 0, 0, 0, 0, 0, 0, 0, 0, 0, 0, 0, 0, 0, 0, 0, 0, 0, 0, 0, 0, 0, 0, 0, 0], _s=63}
2026-08-16 01:19:21.815 INFO [recvWorker-24][:] - 主属性 id=281873304391993039 type=AttributeType{value=15, name='造化子功能法器'} att=AIA{vs=[0, 0, 0, 0, 0, 0, 0, 0, 0, 0, 0, 0, 0, 0, 0, 0, 0, 0, 0, 0, 0, 0, 0, 0, 0, 0, 0, 0, 0, 0, 0, 0, 0, 0, 0, 0, 0, 0, 0, 0, 0, 0, 0, 0, 0, 0, 0, 0, 0, 0, 0, 0, 0, 0, 0, 0, 0, 0, 0, 0, 0, 0, 0], _s=63}
2026-08-16 01:19:21.815 INFO [recvWorker-24][:] - 主属性 id=281873304391993039 type=AttributeType{value=16, name='造化子功能阵法'} att=AIA{vs=[0, 0, 0, 0, 0, 0, 0, 0, 0, 0, 0, 0, 0, 0, 0, 0, 0, 0, 0, 0, 0, 0, 0, 0, 0, 0, 0, 0, 0, 0, 0, 0, 0, 0, 0, 0, 0, 0, 0, 0, 0, 0, 0, 0, 0, 0, 0, 0, 0, 0, 0, 0, 0, 0, 0, 0, 0, 0, 0, 0, 0, 0, 0], _s=63}
2026-08-16 01:19:21.815 INFO [recvWorker-24][:] - 主属性 id=281873304391993039 type=AttributeType{value=17, name='造化子功能神兵'} att=AIA{vs=[0, 0, 0, 0, 0, 0, 0, 0, 0, 0, 0, 0, 0, 0, 0, 0, 0, 0, 0, 0, 0, 0, 0, 0, 0, 0, 0, 0, 0, 0, 0, 0, 0, 0, 0, 0, 0, 0, 0, 0, 0, 0, 0, 0, 0, 0, 0, 0, 0, 0, 0, 0, 0, 0, 0, 0, 0, 0, 0, 0, 0, 0, 0], _s=63}
2026-08-16 01:19:21.815 INFO [recvWorker-24][:] - 主属性 id=281873304391993039 type=AttributeType{value=18, name='宝石'} att=AIA{vs=[0, 0, 0, 0, 0, 0, 0, 0, 0, 0, 0, 0, 0, 0, 0, 0, 0, 0, 0, 0, 0, 0, 0, 0, 0, 0, 0, 0, 0, 0, 0, 0, 0, 0, 0, 0, 0, 0, 0, 0, 0, 0, 0, 0, 0, 0, 0, 0, 0, 0, 0, 0, 0, 0, 0, 0, 0, 0, 0, 0, 0, 0, 0], _s=63}
2026-08-16 01:19:21.815 INFO [recvWorker-24][:] - 主属性 id=281873304391993039 type=AttributeType{value=19, name='识海'} att=AIA{vs=[0, 0, 0, 0, 0, 0, 0, 0, 0, 0, 0, 0, 0, 0, 0, 0, 0, 0, 0, 0, 0, 0, 0, 0, 0, 0, 0, 0, 0, 0, 0, 0, 0, 0, 0, 0, 0, 0, 0, 0, 0, 0, 0, 0, 0, 0, 0, 0, 0, 0, 0, 0, 0, 0, 0, 0, 0, 0, 0, 0, 0, 0, 0], _s=63}
2026-08-16 01:19:21.815 INFO [recvWorker-24][:] - 主属性 id=281873304391993039 type=AttributeType{value=20, name='仙魂系统加成'} att=AIA{vs=[0, 0, 0, 0, 0, 0, 0, 0, 0, 0, 0, 0, 0, 0, 0, 0, 0, 0, 0, 0, 0, 0, 0, 0, 0, 0, 0, 0, 0, 0, 0, 0, 0, 0, 0, 0, 0, 0, 0, 0, 0, 0, 0, 0, 0, 0, 0, 0, 0, 0, 0, 0, 0, 0, 0, 0, 0, 0, 0, 0, 0, 0, 0], _s=63}
2026-08-16 01:19:21.815 INFO [recvWorker-24][:] - 主属性 id=281873304391993039 type=AttributeType{value=21, name='灵压法宝'} att=AIA{vs=[0, 0, 0, 0, 0, 0, 0, 0, 0, 0, 0, 0, 0, 0, 0, 0, 0, 0, 0, 0, 0, 0, 0, 0, 0, 0, 0, 0, 0, 0, 0, 0, 0, 0, 0, 0, 0, 0, 0, 0, 0, 0, 0, 0, 0, 0, 0, 0, 0, 0, 0, 0, 0, 0, 0, 0, 0, 0, 0, 0, 0, 0, 0], _s=63}
2026-08-16 01:19:21.815 INFO [recvWorker-24][:] - 主属性 id=281873304391993039 type=AttributeType{value=22, name='装备收集'} att=AIA{vs=[0, 0, 0, 0, 0, 0, 0, 0, 0, 0, 0, 0, 0, 0, 0, 0, 0, 0, 0, 0, 0, 0, 0, 0, 0, 0, 0, 0, 0, 0, 0, 0, 0, 0, 0, 0, 0, 0, 0, 0, 0, 0, 0, 0, 0, 0, 0, 0, 0, 0, 0, 0, 0, 0, 0, 0, 0, 0, 0, 0, 0, 0, 0], _s=63}
2026-08-16 01:19:21.815 INFO [recvWorker-24][:] - 主属性 id=281873304391993039 type=AttributeType{value=23, name='圣装系统加成'} att=AIA{vs=[0, 0, 0, 0, 0, 0, 0, 0, 0, 0, 0, 0, 0, 0, 0, 0, 0, 0, 0, 0, 0, 0, 0, 0, 0, 0, 0, 0, 0, 0, 0, 0, 0, 0, 0, 0, 0, 0, 0, 0, 0, 0, 0, 0, 0, 0, 0, 0, 0, 0, 0, 0, 0, 0, 0, 0, 0, 0, 0, 0, 0, 0, 0], _s=63}
2026-08-16 01:19:21.815 INFO [recvWorker-24][:] - 主属性 id=281873304391993039 type=AttributeType{value=24, name='洗髓属性'} att=AIA{vs=[0, 0, 0, 0, 0, 0, 0, 0, 0, 0, 0, 0, 0, 0, 0, 0, 0, 0, 0, 0, 0, 0, 0, 0, 0, 0, 0, 0, 0, 0, 0, 0, 0, 0, 0, 0, 0, 0, 0, 0, 0, 0, 0, 0, 0, 0, 0, 0, 0, 0, 0, 0, 0, 0, 0, 0, 0, 0, 0, 0, 0, 0, 0], _s=63}
2026-08-16 01:19:21.815 INFO [recvWorker-24][:] - 主属性 id=281873304391993039 type=AttributeType{value=25, name='仙甲属性'} att=AIA{vs=[0, 0, 0, 0, 0, 0, 0, 0, 0, 0, 0, 0, 0, 0, 0, 0, 0, 0, 0, 0, 0, 0, 0, 0, 0, 0, 0, 0, 0, 0, 0, 0, 0, 0, 0, 0, 0, 0, 0, 0, 0, 0, 0, 0, 0, 0, 0, 0, 0, 0, 0, 0, 0, 0, 0, 0, 0, 0, 0, 0, 0, 0, 0], _s=63}
2026-08-16 01:19:21.815 INFO [recvWorker-24][:] - 主属性 id=281873304391993039 type=AttributeType{value=26, name='新化形属性'} att=AIA{vs=[0, 467, 12534, 233, 233, 0, 0, 0, 0, 0, 0, 0, 0, 0, 0, 0, 0, 0, 0, 0, 0, 0, 0, 0, 0, 0, 0, 0, 0, 0, 0, 0, 0, 0, 0, 0, 0, 0, 0, 0, 0, 0, 0, 0, 0, 0, 0, 0, 0, 0, 0, 0, 0, 0, 0, 0, 0, 0, 0, 0, 0, 0, 0], _s=63}
2026-08-16 01:19:21.815 INFO [recvWorker-24][:] - 主属性 id=281873304391993039 type=AttributeType{value=27, name='新时装属性'} att=AIA{vs=[0, 654, 17548, 327, 327, 0, 0, 0, 0, 0, 0, 0, 0, 0, 0, 0, 0, 0, 0, 0, 0, 0, 0, 0, 0, 0, 0, 0, 0, 0, 0, 0, 0, 0, 0, 0, 0, 0, 0, 0, 0, 0, 0, 0, 0, 0, 0, 0, 0, 0, 0, 0, 0, 0, 0, 0, 0, 0, 0, 0, 0, 0, 0], _s=63}
2026-08-16 01:19:21.816 INFO [recvWorker-24][:] - 主属性 id=281873304391993039 type=AttributeType{value=28, name='魂甲系统'} att=AIA{vs=[0, 0, 0, 0, 0, 0, 0, 0, 0, 0, 0, 0, 0, 0, 0, 0, 0, 0, 0, 0, 0, 0, 0, 0, 0, 0, 0, 0, 0, 0, 0, 0, 0, 0, 0, 0, 0, 0, 0, 0, 0, 0, 0, 0, 0, 0, 0, 0, 0, 0, 0, 0, 0, 0, 0, 0, 0, 0, 0, 0, 0, 0, 0], _s=63}
2026-08-16 01:19:21.816 INFO [recvWorker-24][:] - 主属性 id=281873304391993039 type=AttributeType{value=29, name='魔魂系统'} att=AIA{vs=[0, 0, 0, 0, 0, 0, 0, 0, 0, 0, 0, 0, 0, 0, 0, 0, 0, 0, 0, 0, 0, 0, 0, 0, 0, 0, 0, 0, 0, 0, 0, 0, 0, 0, 0, 0, 0, 0, 0, 0, 0, 0, 0, 0, 0, 0, 0, 0, 0, 0, 0, 0, 0, 0, 0, 0, 0, 0, 0, 0, 0, 0, 0], _s=63}
2026-08-16 01:19:21.816 INFO [recvWorker-24][:] - 主属性 id=281873304391993039 type=AttributeType{value=30, name='VIP系统'} att=AIA{vs=[0, 311, 8356, 155, 155, 0, 0, 0, 0, 0, 0, 0, 0, 0, 0, 0, 0, 0, 0, 0, 0, 0, 0, 0, 0, 0, 0, 0, 0, 0, 0, 0, 0, 0, 0, 0, 0, 0, 0, 0, 0, 0, 0, 0, 0, 0, 0, 0, 0, 0, 0, 0, 0, 0, 0, 0, 0, 0, 0, 0, 0, 0, 0], _s=63}
2026-08-16 01:19:21.816 INFO [recvWorker-24][:] - 主属性 id=281873304391993039 type=AttributeType{value=31, name='幻装系统'} att=AIA{vs=[0, 0, 0, 0, 0, 0, 0, 0, 0, 0, 0, 0, 0, 0, 0, 0, 0, 0, 0, 0, 0, 0, 0, 0, 0, 0, 0, 0, 0, 0, 0, 0, 0, 0, 0, 0, 0, 0, 0, 0, 0, 0, 0, 0, 0, 0, 0, 0, 0, 0, 0, 0, 0, 0, 0, 0, 0, 0, 0, 0, 0, 0, 0], _s=63}
2026-08-16 01:19:21.816 INFO [recvWorker-24][:] - id:281873304391993039 fightPoint:122132
2026-08-16 01:19:21.816 INFO [recvWorker-24][:] - c：AL{vs=[0, 0, 3588, 660000, 0, 0, 0, 0, 29560, 0, 0, 0, 1100, 0, 0, 0, 100210062, 0, 0, 0, 0, 0, 0, 0, 0, 0, 0, 0, 0, 0, 0, 0, 0, 0, 0, 0, 0, 0], _s=38}
2026-08-16 01:19:21.816 INFO [recvWorker-24][:] - maxhp：95295
2026-08-16 01:19:21.816 INFO [recvWorker-24][:] - id:281873304391993039 att:AL{vs=[0, 6664, 0, 3241, 1679, 0, 0, 0, 4501, 0, 0, 142, 142, 0, 0, 0, 0, 0, 0, 0, 0, 0, 0, 540, 0, 0, 0, 0, 0, 270, 0, 270, 0, 0, 0, 0, 0, 0, 0, 0, 0, 0, 0, 500, 1000, 0, 0, 0, 0, 0, 0, 0, 0, 0, 0, 0, 0, 0, 0, 0, 40, 0, 0], _s=63}
2026-08-16 01:22:52.085 INFO [recvWorker-27][:] - 副属性 id=281873304391993039 type=AttributeType{value=1, name='基本属性加成'} sysAtt=AIA{vs=[0, 0, 0, 0, 0, 0, 0, 0, 0, 0, 0, 0, 0, 0, 0, 0, 0, 0, 0, 0, 0, 0, 0, 0, 0, 0, 0, 0, 0, 0, 0, 0, 0, 0, 0, 0, 0, 0, 0, 0, 0, 0, 0, 0, 0, 0, 0, 0, 0, 0, 0, 0, 0, 0, 0], _s=55}
2026-08-16 01:22:52.085 INFO [recvWorker-27][:] - 副属性 id=281873304391993039 type=AttributeType{value=2, name='装备属性'} sysAtt=AIA{vs=[0, 0, 0, 0, 0, 0, 0, 0, 0, 0, 0, 0, 0, 0, 0, 0, 0, 0, 0, 0, 0, 0, 0, 0, 0, 0, 0, 0, 0, 0, 0, 0, 0, 0, 0, 0, 0, 0, 0, 0, 0, 0, 0, 0, 0, 0, 0, 0, 0, 0, 0, 0, 0, 0, 0], _s=55}
2026-08-16 01:22:52.085 INFO [recvWorker-27][:] - 副属性 id=281873304391993039 type=AttributeType{value=3, name='BUFF属性'} sysAtt=AIA{vs=[0, 0, 0, 0, 0, 0, 0, 0, 0, 0, 0, 0, 0, 0, 0, 0, 0, 0, 0, 0, 0, 0, 0, 0, 0, 0, 0, 0, 0, 0, 0, 0, 0, 0, 0, 0, 0, 0, 0, 0, 0, 0, 0, 0, 0, 0, 0, 0, 0, 0, 0, 0, 0, 0, 0], _s=55}
2026-08-16 01:22:52.085 INFO [recvWorker-27][:] - 副属性 id=281873304391993039 type=AttributeType{value=4, name='属性药'} sysAtt=AIA{vs=[0, 0, 0, 0, 0, 0, 0, 0, 0, 0, 0, 0, 0, 0, 0, 0, 0, 0, 0, 0, 0, 0, 0, 0, 0, 0, 0, 0, 0, 0, 0, 0, 0, 0, 0, 0, 0, 0, 0, 0, 0, 0, 0, 0, 0, 0, 0, 0, 0, 0, 0, 0, 0, 0, 0], _s=55}
2026-08-16 01:22:52.085 INFO [recvWorker-27][:] - 副属性 id=281873304391993039 type=AttributeType{value=5, name='坐骑属性加成'} sysAtt=AIA{vs=[0, 0, 0, 0, 0, 0, 0, 0, 0, 0, 0, 0, 0, 0, 0, 0, 0, 0, 0, 0, 0, 0, 0, 0, 0, 0, 0, 0, 0, 0, 0, 0, 0, 0, 0, 0, 0, 0, 0, 0, 0, 0, 0, 0, 0, 0, 0, 0, 0, 0, 0, 0, 0, 0, 0], _s=55}
2026-08-16 01:22:52.085 INFO [recvWorker-27][:] - 副属性 id=281873304391993039 type=AttributeType{value=6, name='婚姻'} sysAtt=AIA{vs=[0, 0, 0, 0, 0, 0, 0, 0, 0, 0, 0, 0, 0, 0, 0, 0, 0, 0, 0, 0, 0, 0, 0, 0, 0, 0, 0, 0, 0, 0, 0, 0, 0, 0, 0, 0, 0, 0, 0, 0, 0, 0, 0, 0, 0, 0, 0, 0, 0, 0, 0, 0, 0, 0, 0], _s=55}
2026-08-16 01:22:52.085 INFO [recvWorker-27][:] - 副属性 id=281873304391993039 type=AttributeType{value=7, name='宠物'} sysAtt=AIA{vs=[0, 0, 0, 0, 0, 0, 0, 0, 0, 0, 0, 0, 0, 0, 0, 0, 0, 0, 0, 0, 0, 0, 0, 0, 0, 0, 0, 0, 0, 0, 0, 0, 0, 0, 0, 0, 0, 0, 0, 0, 0, 0, 0, 0, 0, 0, 0, 0, 0, 0, 0, 0, 0, 0, 0], _s=55}
2026-08-16 01:22:52.085 INFO [recvWorker-27][:] - 副属性 id=281873304391993039 type=AttributeType{value=8, name='称号'} sysAtt=AIA{vs=[0, 0, 0, 0, 0, 0, 0, 0, 0, 0, 0, 0, 0, 0, 0, 0, 0, 0, 0, 0, 0, 0, 0, 0, 0, 0, 0, 0, 0, 0, 0, 0, 0, 0, 0, 0, 0, 0, 0, 0, 0, 0, 0, 0, 0, 0, 0, 0, 0, 0, 0, 0, 0, 0, 0], _s=55}
2026-08-16 01:22:52.085 INFO [recvWorker-27][:] - 副属性 id=281873304391993039 type=AttributeType{value=9, name='境界VIP'} sysAtt=AIA{vs=[0, 0, 0, 0, 0, 0, 0, 0, 0, 0, 0, 0, 0, 0, 0, 0, 0, 0, 0, 0, 0, 0, 0, 0, 0, 0, 0, 0, 0, 0, 0, 0, 0, 0, 0, 0, 0, 0, 0, 0, 0, 0, 0, 0, 0, 0, 0, 0, 0, 0, 0, 0, 0, 0, 0], _s=55}
2026-08-16 01:22:52.085 INFO [recvWorker-27][:] - 副属性 id=281873304391993039 type=AttributeType{value=10, name='技能'} sysAtt=AIA{vs=[0, 500, 500, 500, 500, 0, 0, 0, 0, 0, 0, 0, 0, 0, 0, 0, 0, 0, 0, 0, 0, 0, 0, 0, 0, 0, 0, 0, 0, 0, 0, 0, 0, 0, 0, 0, 0, 0, 0, 0, 0, 0, 0, 0, 0, 0, 0, 0, 0, 0, 0, 0, 0, 0, 0], _s=55}
2026-08-16 01:22:52.085 INFO [recvWorker-27][:] - 副属性 id=281873304391993039 type=AttributeType{value=11, name='翅膀'} sysAtt=AIA{vs=[0, 0, 0, 0, 0, 0, 0, 0, 0, 0, 0, 0, 0, 0, 0, 0, 0, 0, 0, 0, 0, 0, 0, 0, 0, 0, 0, 0, 0, 0, 0, 0, 0, 0, 0, 0, 0, 0, 0, 0, 0, 0, 0, 0, 0, 0, 0, 0, 0, 0, 0, 0, 0, 0, 0], _s=55}
2026-08-16 01:22:52.085 INFO [recvWorker-27][:] - 副属性 id=281873304391993039 type=AttributeType{value=12, name='任务'} sysAtt=AIA{vs=[0, 0, 0, 0, 0, 0, 0, 0, 0, 0, 0, 0, 0, 0, 0, 0, 0, 0, 0, 0, 0, 0, 0, 0, 0, 0, 0, 0, 0, 0, 0, 0, 0, 0, 0, 0, 0, 0, 0, 0, 0, 0, 0, 0, 0, 0, 0, 0, 0, 0, 0, 0, 0, 0, 0], _s=55}
2026-08-16 01:22:52.085 INFO [recvWorker-27][:] - 副属性 id=281873304391993039 type=AttributeType{value=13, name='魂兽'} sysAtt=AIA{vs=[0, 0, 0, 0, 0, 0, 0, 0, 0, 0, 0, 0, 0, 0, 0, 0, 0, 0, 0, 0, 0, 0, 0, 0, 0, 0, 0, 0, 0, 0, 0, 0, 0, 0, 0, 0, 0, 0, 0, 0, 0, 0, 0, 0, 0, 0, 0, 0, 0, 0, 0, 0, 0, 0, 0], _s=55}
2026-08-16 01:22:52.085 INFO [recvWorker-27][:] - 副属性 id=281873304391993039 type=AttributeType{value=14, name='符咒任务属性'} sysAtt=AIA{vs=[0, 0, 0, 0, 0, 0, 0, 0, 0, 0, 0, 0, 0, 0, 0, 0, 0, 0, 0, 0, 0, 0, 0, 0, 0, 0, 0, 0, 0, 0, 0, 0, 0, 0, 0, 0, 0, 0, 0, 0, 0, 0, 0, 0, 0, 0, 0, 0, 0, 0, 0, 0, 0, 0, 0], _s=55}
2026-08-16 01:22:52.085 INFO [recvWorker-27][:] - 副属性 id=281873304391993039 type=AttributeType{value=15, name='造化子功能法器'} sysAtt=AIA{vs=[0, 0, 0, 0, 0, 0, 0, 0, 0, 0, 0, 0, 0, 0, 0, 0, 0, 0, 0, 0, 0, 0, 0, 0, 0, 0, 0, 0, 0, 0, 0, 0, 0, 0, 0, 0, 0, 0, 0, 0, 0, 0, 0, 0, 0, 0, 0, 0, 0, 0, 0, 0, 0, 0, 0], _s=55}
2026-08-16 01:22:52.085 INFO [recvWorker-27][:] - 副属性 id=281873304391993039 type=AttributeType{value=16, name='造化子功能阵法'} sysAtt=AIA{vs=[0, 0, 0, 0, 0, 0, 0, 0, 0, 0, 0, 0, 0, 0, 0, 0, 0, 0, 0, 0, 0, 0, 0, 0, 0, 0, 0, 0, 0, 0, 0, 0, 0, 0, 0, 0, 0, 0, 0, 0, 0, 0, 0, 0, 0, 0, 0, 0, 0, 0, 0, 0, 0, 0, 0], _s=55}
2026-08-16 01:22:52.085 INFO [recvWorker-27][:] - 副属性 id=281873304391993039 type=AttributeType{value=17, name='造化子功能神兵'} sysAtt=AIA{vs=[0, 0, 0, 0, 0, 0, 0, 0, 0, 0, 0, 0, 0, 0, 0, 0, 0, 0, 0, 0, 0, 0, 0, 0, 0, 0, 0, 0, 0, 0, 0, 0, 0, 0, 0, 0, 0, 0, 0, 0, 0, 0, 0, 0, 0, 0, 0, 0, 0, 0, 0, 0, 0, 0, 0], _s=55}
2026-08-16 01:22:52.085 INFO [recvWorker-27][:] - 副属性 id=281873304391993039 type=AttributeType{value=18, name='宝石'} sysAtt=AIA{vs=[0, 0, 0, 0, 0, 0, 0, 0, 0, 0, 0, 0, 0, 0, 0, 0, 0, 0, 0, 0, 0, 0, 0, 0, 0, 0, 0, 0, 0, 0, 0, 0, 0, 0, 0, 0, 0, 0, 0, 0, 0, 0, 0, 0, 0, 0, 0, 0, 0, 0, 0, 0, 0, 0, 0], _s=55}
2026-08-16 01:22:52.085 INFO [recvWorker-27][:] - 副属性 id=281873304391993039 type=AttributeType{value=19, name='识海'} sysAtt=AIA{vs=[0, 0, 0, 0, 0, 0, 0, 0, 0, 0, 0, 0, 0, 0, 0, 0, 0, 0, 0, 0, 0, 0, 0, 0, 0, 0, 0, 0, 0, 0, 0, 0, 0, 0, 0, 0, 0, 0, 0, 0, 0, 0, 0, 0, 0, 0, 0, 0, 0, 0, 0, 0, 0, 0, 0], _s=55}
2026-08-16 01:22:52.085 INFO [recvWorker-27][:] - 副属性 id=281873304391993039 type=AttributeType{value=20, name='仙魂系统加成'} sysAtt=AIA{vs=[0, 0, 0, 0, 0, 0, 0, 0, 0, 0, 0, 0, 0, 0, 0, 0, 0, 0, 0, 0, 0, 0, 0, 0, 0, 0, 0, 0, 0, 0, 0, 0, 0, 0, 0, 0, 0, 0, 0, 0, 0, 0, 0, 0, 0, 0, 0, 0, 0, 0, 0, 0, 0, 0, 0], _s=55}
2026-08-16 01:22:52.085 INFO [recvWorker-27][:] - 副属性 id=281873304391993039 type=AttributeType{value=21, name='灵压法宝'} sysAtt=AIA{vs=[0, 0, 0, 0, 0, 0, 0, 0, 0, 0, 0, 0, 0, 0, 0, 0, 0, 0, 0, 0, 0, 0, 0, 0, 0, 0, 0, 0, 0, 0, 0, 0, 0, 0, 0, 0, 0, 0, 0, 0, 0, 0, 0, 0, 0, 0, 0, 0, 0, 0, 0, 0, 0, 0, 0], _s=55}
2026-08-16 01:22:52.085 INFO [recvWorker-27][:] - 副属性 id=281873304391993039 type=AttributeType{value=22, name='装备收集'} sysAtt=AIA{vs=[0, 0, 0, 0, 0, 0, 0, 0, 0, 0, 0, 0, 0, 0, 0, 0, 0, 0, 0, 0, 0, 0, 0, 0, 0, 0, 0, 0, 0, 0, 0, 0, 0, 0, 0, 0, 0, 0, 0, 0, 0, 0, 0, 0, 0, 0, 0, 0, 0, 0, 0, 0, 0, 0, 0], _s=55}
2026-08-16 01:22:52.085 INFO [recvWorker-27][:] - 副属性 id=281873304391993039 type=AttributeType{value=23, name='圣装系统加成'} sysAtt=AIA{vs=[0, 0, 0, 0, 0, 0, 0, 0, 0, 0, 0, 0, 0, 0, 0, 0, 0, 0, 0, 0, 0, 0, 0, 0, 0, 0, 0, 0, 0, 0, 0, 0, 0, 0, 0, 0, 0, 0, 0, 0, 0, 0, 0, 0, 0, 0, 0, 0, 0, 0, 0, 0, 0, 0, 0], _s=55}
2026-08-16 01:22:52.085 INFO [recvWorker-27][:] - 副属性 id=281873304391993039 type=AttributeType{value=24, name='洗髓属性'} sysAtt=AIA{vs=[0, 0, 0, 0, 0, 0, 0, 0, 0, 0, 0, 0, 0, 0, 0, 0, 0, 0, 0, 0, 0, 0, 0, 0, 0, 0, 0, 0, 0, 0, 0, 0, 0, 0, 0, 0, 0, 0, 0, 0, 0, 0, 0, 0, 0, 0, 0, 0, 0, 0, 0, 0, 0, 0, 0], _s=55}
2026-08-16 01:22:52.085 INFO [recvWorker-27][:] - 副属性 id=281873304391993039 type=AttributeType{value=25, name='仙甲属性'} sysAtt=AIA{vs=[0, 0, 0, 0, 0, 0, 0, 0, 0, 0, 0, 0, 0, 0, 0, 0, 0, 0, 0, 0, 0, 0, 0, 0, 0, 0, 0, 0, 0, 0, 0, 0, 0, 0, 0, 0, 0, 0, 0, 0, 0, 0, 0, 0, 0, 0, 0, 0, 0, 0, 0, 0, 0, 0, 0], _s=55}
2026-08-16 01:22:52.085 INFO [recvWorker-27][:] - 副属性 id=281873304391993039 type=AttributeType{value=26, name='新化形属性'} sysAtt=AIA{vs=[0, 0, 0, 0, 0, 0, 0, 0, 0, 0, 0, 0, 0, 0, 0, 0, 0, 0, 0, 0, 0, 0, 0, 0, 0, 0, 0, 0, 0, 0, 0, 0, 0, 0, 0, 0, 0, 0, 0, 0, 0, 0, 0, 0, 0, 0, 0, 0, 0, 0, 0, 0, 0, 0, 0], _s=55}
2026-08-16 01:22:52.085 INFO [recvWorker-27][:] - 副属性 id=281873304391993039 type=AttributeType{value=27, name='新时装属性'} sysAtt=AIA{vs=[0, 0, 0, 0, 0, 0, 0, 0, 0, 0, 0, 0, 0, 0, 0, 0, 0, 0, 0, 0, 0, 0, 0, 0, 0, 0, 0, 0, 0, 0, 0, 0, 0, 0, 0, 0, 0, 0, 0, 0, 0, 0, 0, 0, 0, 0, 0, 0, 0, 0, 0, 0, 0, 0, 0], _s=55}
2026-08-16 01:22:52.085 INFO [recvWorker-27][:] - 副属性 id=281873304391993039 type=AttributeType{value=28, name='魂甲系统'} sysAtt=AIA{vs=[0, 0, 0, 0, 0, 0, 0, 0, 0, 0, 0, 0, 0, 0, 0, 0, 0, 0, 0, 0, 0, 0, 0, 0, 0, 0, 0, 0, 0, 0, 0, 0, 0, 0, 0, 0, 0, 0, 0, 0, 0, 0, 0, 0, 0, 0, 0, 0, 0, 0, 0, 0, 0, 0, 0], _s=55}
2026-08-16 01:22:52.085 INFO [recvWorker-27][:] - 副属性 id=281873304391993039 type=AttributeType{value=29, name='魔魂系统'} sysAtt=AIA{vs=[0, 0, 0, 0, 0, 0, 0, 0, 0, 0, 0, 0, 0, 0, 0, 0, 0, 0, 0, 0, 0, 0, 0, 0, 0, 0, 0, 0, 0, 0, 0, 0, 0, 0, 0, 0, 0, 0, 0, 0, 0, 0, 0, 0, 0, 0, 0, 0, 0, 0, 0, 0, 0, 0, 0], _s=55}
2026-08-16 01:22:52.085 INFO [recvWorker-27][:] - 副属性 id=281873304391993039 type=AttributeType{value=30, name='VIP系统'} sysAtt=AIA{vs=[0, 0, 0, 0, 0, 0, 0, 0, 0, 0, 0, 0, 0, 0, 0, 0, 0, 0, 0, 0, 0, 0, 0, 0, 0, 0, 0, 0, 0, 0, 0, 0, 0, 0, 0, 0, 0, 0, 0, 0, 0, 0, 0, 0, 0, 0, 0, 0, 0, 0, 0, 0, 0, 0, 0], _s=55}
2026-08-16 01:22:52.085 INFO [recvWorker-27][:] - 副属性 id=281873304391993039 type=AttributeType{value=31, name='幻装系统'} sysAtt=AIA{vs=[0, 0, 0, 0, 0, 0, 0, 0, 0, 0, 0, 0, 0, 0, 0, 0, 0, 0, 0, 0, 0, 0, 0, 0, 0, 0, 0, 0, 0, 0, 0, 0, 0, 0, 0, 0, 0, 0, 0, 0, 0, 0, 0, 0, 0, 0, 0, 0, 0, 0, 0, 0, 0, 0, 0], _s=55}
2026-08-16 01:22:52.085 INFO [recvWorker-27][:] - 主属性 id=281873304391993039 type=AttributeType{value=1, name='基本属性加成'} att=AIA{vs=[0, 435, 11658, 217, 217, 0, 0, 0, 2001, 0, 0, 142, 142, 0, 0, 0, 0, 0, 0, 0, 0, 0, 0, 0, 0, 0, 0, 0, 0, 0, 0, 0, 0, 0, 0, 0, 0, 0, 0, 0, 0, 0, 0, 0, 1000, 0, 0, 0, 0, 0, 0, 0, 0, 0, 0, 0, 0, 0, 0, 0, 40, 0, 0], _s=63}
2026-08-16 01:22:52.086 INFO [recvWorker-27][:] - 主属性 id=281873304391993039 type=AttributeType{value=2, name='装备属性'} att=AIA{vs=[0, 3827, 23464, 1910, 433, 0, 0, 0, 0, 0, 0, 0, 0, 0, 0, 0, 0, 0, 0, 0, 0, 0, 0, 540, 0, 0, 0, 0, 0, 270, 0, 270, 0, 0, 0, 0, 0, 0, 0, 0, 0, 0, 0, 0, 0, 0, 0, 0, 0, 0, 0, 0, 0, 0, 0, 0, 0, 0, 0, 0, 0, 0, 0], _s=63}
2026-08-16 01:22:52.086 INFO [recvWorker-27][:] - 主属性 id=281873304391993039 type=AttributeType{value=3, name='BUFF属性'} att=AIA{vs=[0, 0, 0, 0, 0, 0, 0, 0, 0, 0, 0, 0, 0, 0, 0, 0, 0, 0, 0, 0, 0, 0, 0, 0, 0, 0, 0, 0, 0, 0, 0, 0, 0, 0, 0, 0, 0, 0, 0, 0, 0, 0, 0, 0, 0, 0, 0, 0, 0, 0, 0, 0, 0, 0, 0, 0, 0, 0, 0, 0, 0, 0, 0], _s=63}
2026-08-16 01:22:52.086 INFO [recvWorker-27][:] - 主属性 id=281873304391993039 type=AttributeType{value=4, name='属性药'} att=AIA{vs=[0, 0, 0, 0, 0, 0, 0, 0, 0, 0, 0, 0, 0, 0, 0, 0, 0, 0, 0, 0, 0, 0, 0, 0, 0, 0, 0, 0, 0, 0, 0, 0, 0, 0, 0, 0, 0, 0, 0, 0, 0, 0, 0, 500, 0, 0, 0, 0, 0, 0, 0, 0, 0, 0, 0, 0, 0, 0, 0, 0, 0, 0, 0], _s=63}
2026-08-16 01:22:52.086 INFO [recvWorker-27][:] - 主属性 id=281873304391993039 type=AttributeType{value=5, name='坐骑属性加成'} att=AIA{vs=[0, 777, 21235, 306, 306, 0, 0, 0, 2500, 0, 0, 0, 0, 0, 0, 0, 0, 0, 0, 0, 0, 0, 0, 0, 0, 0, 0, 0, 0, 0, 0, 0, 0, 0, 0, 0, 0, 0, 0, 0, 0, 0, 0, 0, 0, 0, 0, 0, 0, 0, 0, 0, 0, 0, 0, 0, 0, 0, 0, 0, 0, 0, 0], _s=63}
2026-08-16 01:22:52.086 INFO [recvWorker-27][:] - 主属性 id=281873304391993039 type=AttributeType{value=6, name='婚姻'} att=AIA{vs=[0, 0, 0, 0, 0, 0, 0, 0, 0, 0, 0, 0, 0, 0, 0, 0, 0, 0, 0, 0, 0, 0, 0, 0, 0, 0, 0, 0, 0, 0, 0, 0, 0, 0, 0, 0, 0, 0, 0, 0, 0, 0, 0, 0, 0, 0, 0, 0, 0, 0, 0, 0, 0, 0, 0, 0, 0, 0, 0, 0, 0, 0, 0], _s=63}
2026-08-16 01:22:52.086 INFO [recvWorker-27][:] - 主属性 id=281873304391993039 type=AttributeType{value=7, name='宠物'} att=AIA{vs=[0, 0, 0, 0, 0, 0, 0, 0, 0, 0, 0, 0, 0, 0, 0, 0, 0, 0, 0, 0, 0, 0, 0, 0, 0, 0, 0, 0, 0, 0, 0, 0, 0, 0, 0, 0, 0, 0, 0, 0, 0, 0, 0, 0, 0, 0, 0, 0, 0, 0, 0, 0, 0, 0, 0, 0, 0, 0, 0, 0, 0, 0, 0], _s=63}
2026-08-16 01:22:52.086 INFO [recvWorker-27][:] - 主属性 id=281873304391993039 type=AttributeType{value=8, name='称号'} att=AIA{vs=[0, 0, 0, 0, 0, 0, 0, 0, 0, 0, 0, 0, 0, 0, 0, 0, 0, 0, 0, 0, 0, 0, 0, 0, 0, 0, 0, 0, 0, 0, 0, 0, 0, 0, 0, 0, 0, 0, 0, 0, 0, 0, 0, 0, 0, 0, 0, 0, 0, 0, 0, 0, 0, 0, 0, 0, 0, 0, 0, 0, 0, 0, 0], _s=63}
2026-08-16 01:22:52.086 INFO [recvWorker-27][:] - 主属性 id=281873304391993039 type=AttributeType{value=9, name='境界VIP'} att=AIA{vs=[0, 0, 0, 0, 0, 0, 0, 0, 0, 0, 0, 0, 0, 0, 0, 0, 0, 0, 0, 0, 0, 0, 0, 0, 0, 0, 0, 0, 0, 0, 0, 0, 0, 0, 0, 0, 0, 0, 0, 0, 0, 0, 0, 0, 0, 0, 0, 0, 0, 0, 0, 0, 0, 0, 0, 0, 0, 0, 0, 0, 0, 0, 0], _s=63}
2026-08-16 01:22:52.086 INFO [recvWorker-27][:] - 主属性 id=281873304391993039 type=AttributeType{value=10, name='技能'} att=AIA{vs=[0, 18, 500, 8, 8, 0, 0, 0, 0, 0, 0, 0, 0, 0, 0, 0, 0, 0, 0, 0, 0, 0, 0, 0, 0, 0, 0, 0, 0, 0, 0, 0, 0, 0, 0, 0, 0, 0, 0, 0, 0, 0, 0, 0, 0, 0, 0, 0, 0, 0, 0, 0, 0, 0, 0, 0, 0, 0, 0, 0, 0, 0, 0], _s=63}
2026-08-16 01:22:52.086 INFO [recvWorker-27][:] - 主属性 id=281873304391993039 type=AttributeType{value=11, name='翅膀'} att=AIA{vs=[0, 0, 0, 0, 0, 0, 0, 0, 0, 0, 0, 0, 0, 0, 0, 0, 0, 0, 0, 0, 0, 0, 0, 0, 0, 0, 0, 0, 0, 0, 0, 0, 0, 0, 0, 0, 0, 0, 0, 0, 0, 0, 0, 0, 0, 0, 0, 0, 0, 0, 0, 0, 0, 0, 0, 0, 0, 0, 0, 0, 0, 0, 0], _s=63}
2026-08-16 01:22:52.086 INFO [recvWorker-27][:] - 主属性 id=281873304391993039 type=AttributeType{value=12, name='任务'} att=AIA{vs=[0, 0, 0, 0, 0, 0, 0, 0, 0, 0, 0, 0, 0, 0, 0, 0, 0, 0, 0, 0, 0, 0, 0, 0, 0, 0, 0, 0, 0, 0, 0, 0, 0, 0, 0, 0, 0, 0, 0, 0, 0, 0, 0, 0, 0, 0, 0, 0, 0, 0, 0, 0, 0, 0, 0, 0, 0, 0, 0, 0, 0, 0, 0], _s=63}
2026-08-16 01:22:52.086 INFO [recvWorker-27][:] - 主属性 id=281873304391993039 type=AttributeType{value=13, name='魂兽'} att=AIA{vs=[0, 0, 0, 0, 0, 0, 0, 0, 0, 0, 0, 0, 0, 0, 0, 0, 0, 0, 0, 0, 0, 0, 0, 0, 0, 0, 0, 0, 0, 0, 0, 0, 0, 0, 0, 0, 0, 0, 0, 0, 0, 0, 0, 0, 0, 0, 0, 0, 0, 0, 0, 0, 0, 0, 0, 0, 0, 0, 0, 0, 0, 0, 0], _s=63}
2026-08-16 01:22:52.086 INFO [recvWorker-27][:] - 主属性 id=281873304391993039 type=AttributeType{value=14, name='符咒任务属性'} att=AIA{vs=[0, 0, 0, 0, 0, 0, 0, 0, 0, 0, 0, 0, 0, 0, 0, 0, 0, 0, 0, 0, 0, 0, 0, 0, 0, 0, 0, 0, 0, 0, 0, 0, 0, 0, 0, 0, 0, 0, 0, 0, 0, 0, 0, 0, 0, 0, 0, 0, 0, 0, 0, 0, 0, 0, 0, 0, 0, 0, 0, 0, 0, 0, 0], _s=63}
2026-08-16 01:22:52.086 INFO [recvWorker-27][:] - 主属性 id=281873304391993039 type=AttributeType{value=15, name='造化子功能法器'} att=AIA{vs=[0, 0, 0, 0, 0, 0, 0, 0, 0, 0, 0, 0, 0, 0, 0, 0, 0, 0, 0, 0, 0, 0, 0, 0, 0, 0, 0, 0, 0, 0, 0, 0, 0, 0, 0, 0, 0, 0, 0, 0, 0, 0, 0, 0, 0, 0, 0, 0, 0, 0, 0, 0, 0, 0, 0, 0, 0, 0, 0, 0, 0, 0, 0], _s=63}
2026-08-16 01:22:52.086 INFO [recvWorker-27][:] - 主属性 id=281873304391993039 type=AttributeType{value=16, name='造化子功能阵法'} att=AIA{vs=[0, 0, 0, 0, 0, 0, 0, 0, 0, 0, 0, 0, 0, 0, 0, 0, 0, 0, 0, 0, 0, 0, 0, 0, 0, 0, 0, 0, 0, 0, 0, 0, 0, 0, 0, 0, 0, 0, 0, 0, 0, 0, 0, 0, 0, 0, 0, 0, 0, 0, 0, 0, 0, 0, 0, 0, 0, 0, 0, 0, 0, 0, 0], _s=63}
2026-08-16 01:22:52.086 INFO [recvWorker-27][:] - 主属性 id=281873304391993039 type=AttributeType{value=17, name='造化子功能神兵'} att=AIA{vs=[0, 0, 0, 0, 0, 0, 0, 0, 0, 0, 0, 0, 0, 0, 0, 0, 0, 0, 0, 0, 0, 0, 0, 0, 0, 0, 0, 0, 0, 0, 0, 0, 0, 0, 0, 0, 0, 0, 0, 0, 0, 0, 0, 0, 0, 0, 0, 0, 0, 0, 0, 0, 0, 0, 0, 0, 0, 0, 0, 0, 0, 0, 0], _s=63}
2026-08-16 01:22:52.086 INFO [recvWorker-27][:] - 主属性 id=281873304391993039 type=AttributeType{value=18, name='宝石'} att=AIA{vs=[0, 0, 0, 0, 0, 0, 0, 0, 0, 0, 0, 0, 0, 0, 0, 0, 0, 0, 0, 0, 0, 0, 0, 0, 0, 0, 0, 0, 0, 0, 0, 0, 0, 0, 0, 0, 0, 0, 0, 0, 0, 0, 0, 0, 0, 0, 0, 0, 0, 0, 0, 0, 0, 0, 0, 0, 0, 0, 0, 0, 0, 0, 0], _s=63}
2026-08-16 01:22:52.086 INFO [recvWorker-27][:] - 主属性 id=281873304391993039 type=AttributeType{value=19, name='识海'} att=AIA{vs=[0, 0, 0, 0, 0, 0, 0, 0, 0, 0, 0, 0, 0, 0, 0, 0, 0, 0, 0, 0, 0, 0, 0, 0, 0, 0, 0, 0, 0, 0, 0, 0, 0, 0, 0, 0, 0, 0, 0, 0, 0, 0, 0, 0, 0, 0, 0, 0, 0, 0, 0, 0, 0, 0, 0, 0, 0, 0, 0, 0, 0, 0, 0], _s=63}
2026-08-16 01:22:52.086 INFO [recvWorker-27][:] - 主属性 id=281873304391993039 type=AttributeType{value=20, name='仙魂系统加成'} att=AIA{vs=[0, 0, 0, 0, 0, 0, 0, 0, 0, 0, 0, 0, 0, 0, 0, 0, 0, 0, 0, 0, 0, 0, 0, 0, 0, 0, 0, 0, 0, 0, 0, 0, 0, 0, 0, 0, 0, 0, 0, 0, 0, 0, 0, 0, 0, 0, 0, 0, 0, 0, 0, 0, 0, 0, 0, 0, 0, 0, 0, 0, 0, 0, 0], _s=63}
2026-08-16 01:22:52.086 INFO [recvWorker-27][:] - 主属性 id=281873304391993039 type=AttributeType{value=21, name='灵压法宝'} att=AIA{vs=[0, 0, 0, 0, 0, 0, 0, 0, 0, 0, 0, 0, 0, 0, 0, 0, 0, 0, 0, 0, 0, 0, 0, 0, 0, 0, 0, 0, 0, 0, 0, 0, 0, 0, 0, 0, 0, 0, 0, 0, 0, 0, 0, 0, 0, 0, 0, 0, 0, 0, 0, 0, 0, 0, 0, 0, 0, 0, 0, 0, 0, 0, 0], _s=63}
2026-08-16 01:22:52.086 INFO [recvWorker-27][:] - 主属性 id=281873304391993039 type=AttributeType{value=22, name='装备收集'} att=AIA{vs=[0, 0, 0, 0, 0, 0, 0, 0, 0, 0, 0, 0, 0, 0, 0, 0, 0, 0, 0, 0, 0, 0, 0, 0, 0, 0, 0, 0, 0, 0, 0, 0, 0, 0, 0, 0, 0, 0, 0, 0, 0, 0, 0, 0, 0, 0, 0, 0, 0, 0, 0, 0, 0, 0, 0, 0, 0, 0, 0, 0, 0, 0, 0], _s=63}
2026-08-16 01:22:52.086 INFO [recvWorker-27][:] - 主属性 id=281873304391993039 type=AttributeType{value=23, name='圣装系统加成'} att=AIA{vs=[0, 0, 0, 0, 0, 0, 0, 0, 0, 0, 0, 0, 0, 0, 0, 0, 0, 0, 0, 0, 0, 0, 0, 0, 0, 0, 0, 0, 0, 0, 0, 0, 0, 0, 0, 0, 0, 0, 0, 0, 0, 0, 0, 0, 0, 0, 0, 0, 0, 0, 0, 0, 0, 0, 0, 0, 0, 0, 0, 0, 0, 0, 0], _s=63}
2026-08-16 01:22:52.086 INFO [recvWorker-27][:] - 主属性 id=281873304391993039 type=AttributeType{value=24, name='洗髓属性'} att=AIA{vs=[0, 0, 0, 0, 0, 0, 0, 0, 0, 0, 0, 0, 0, 0, 0, 0, 0, 0, 0, 0, 0, 0, 0, 0, 0, 0, 0, 0, 0, 0, 0, 0, 0, 0, 0, 0, 0, 0, 0, 0, 0, 0, 0, 0, 0, 0, 0, 0, 0, 0, 0, 0, 0, 0, 0, 0, 0, 0, 0, 0, 0, 0, 0], _s=63}
2026-08-16 01:22:52.086 INFO [recvWorker-27][:] - 主属性 id=281873304391993039 type=AttributeType{value=25, name='仙甲属性'} att=AIA{vs=[0, 0, 0, 0, 0, 0, 0, 0, 0, 0, 0, 0, 0, 0, 0, 0, 0, 0, 0, 0, 0, 0, 0, 0, 0, 0, 0, 0, 0, 0, 0, 0, 0, 0, 0, 0, 0, 0, 0, 0, 0, 0, 0, 0, 0, 0, 0, 0, 0, 0, 0, 0, 0, 0, 0, 0, 0, 0, 0, 0, 0, 0, 0], _s=63}
2026-08-16 01:22:52.086 INFO [recvWorker-27][:] - 主属性 id=281873304391993039 type=AttributeType{value=26, name='新化形属性'} att=AIA{vs=[0, 467, 12534, 233, 233, 0, 0, 0, 0, 0, 0, 0, 0, 0, 0, 0, 0, 0, 0, 0, 0, 0, 0, 0, 0, 0, 0, 0, 0, 0, 0, 0, 0, 0, 0, 0, 0, 0, 0, 0, 0, 0, 0, 0, 0, 0, 0, 0, 0, 0, 0, 0, 0, 0, 0, 0, 0, 0, 0, 0, 0, 0, 0], _s=63}
2026-08-16 01:22:52.086 INFO [recvWorker-27][:] - 主属性 id=281873304391993039 type=AttributeType{value=27, name='新时装属性'} att=AIA{vs=[0, 654, 17548, 327, 327, 0, 0, 0, 0, 0, 0, 0, 0, 0, 0, 0, 0, 0, 0, 0, 0, 0, 0, 0, 0, 0, 0, 0, 0, 0, 0, 0, 0, 0, 0, 0, 0, 0, 0, 0, 0, 0, 0, 0, 0, 0, 0, 0, 0, 0, 0, 0, 0, 0, 0, 0, 0, 0, 0, 0, 0, 0, 0], _s=63}
2026-08-16 01:22:52.086 INFO [recvWorker-27][:] - 主属性 id=281873304391993039 type=AttributeType{value=28, name='魂甲系统'} att=AIA{vs=[0, 0, 0, 0, 0, 0, 0, 0, 0, 0, 0, 0, 0, 0, 0, 0, 0, 0, 0, 0, 0, 0, 0, 0, 0, 0, 0, 0, 0, 0, 0, 0, 0, 0, 0, 0, 0, 0, 0, 0, 0, 0, 0, 0, 0, 0, 0, 0, 0, 0, 0, 0, 0, 0, 0, 0, 0, 0, 0, 0, 0, 0, 0], _s=63}
2026-08-16 01:22:52.086 INFO [recvWorker-27][:] - 主属性 id=281873304391993039 type=AttributeType{value=29, name='魔魂系统'} att=AIA{vs=[0, 0, 0, 0, 0, 0, 0, 0, 0, 0, 0, 0, 0, 0, 0, 0, 0, 0, 0, 0, 0, 0, 0, 0, 0, 0, 0, 0, 0, 0, 0, 0, 0, 0, 0, 0, 0, 0, 0, 0, 0, 0, 0, 0, 0, 0, 0, 0, 0, 0, 0, 0, 0, 0, 0, 0, 0, 0, 0, 0, 0, 0, 0], _s=63}
2026-08-16 01:22:52.086 INFO [recvWorker-27][:] - 主属性 id=281873304391993039 type=AttributeType{value=30, name='VIP系统'} att=AIA{vs=[0, 311, 8356, 155, 155, 0, 0, 0, 0, 0, 0, 0, 0, 0, 0, 0, 0, 0, 0, 0, 0, 0, 0, 0, 0, 0, 0, 0, 0, 0, 0, 0, 0, 0, 0, 0, 0, 0, 0, 0, 0, 0, 0, 0, 0, 0, 0, 0, 0, 0, 0, 0, 0, 0, 0, 0, 0, 0, 0, 0, 0, 0, 0], _s=63}
2026-08-16 01:22:52.086 INFO [recvWorker-27][:] - 主属性 id=281873304391993039 type=AttributeType{value=31, name='幻装系统'} att=AIA{vs=[0, 0, 0, 0, 0, 0, 0, 0, 0, 0, 0, 0, 0, 0, 0, 0, 0, 0, 0, 0, 0, 0, 0, 0, 0, 0, 0, 0, 0, 0, 0, 0, 0, 0, 0, 0, 0, 0, 0, 0, 0, 0, 0, 0, 0, 0, 0, 0, 0, 0, 0, 0, 0, 0, 0, 0, 0, 0, 0, 0, 0, 0, 0], _s=63}
2026-08-16 01:22:52.086 INFO [recvWorker-27][:] - id:281873304391993039 fightPoint:122132
2026-08-16 01:22:52.086 INFO [recvWorker-27][:] - c：AL{vs=[0, 0, 3588, 660000, 0, 0, 0, 0, 29560, 0, 0, 0, 1100, 0, 0, 0, 100210062, 0, 0, 0, 0, 0, 0, 0, 0, 0, 0, 0, 0, 0, 0, 0, 0, 0, 0, 0, 0, 0], _s=38}
2026-08-16 01:22:52.086 INFO [recvWorker-27][:] - maxhp：95295
2026-08-16 01:22:52.086 INFO [recvWorker-27][:] - id:281873304391993039 att:AL{vs=[0, 6664, 0, 3241, 1679, 0, 0, 0, 4501, 0, 0, 142, 142, 0, 0, 0, 0, 0, 0, 0, 0, 0, 0, 540, 0, 0, 0, 0, 0, 270, 0, 270, 0, 0, 0, 0, 0, 0, 0, 0, 0, 0, 0, 500, 1000, 0, 0, 0, 0, 0, 0, 0, 0, 0, 0, 0, 0, 0, 0, 0, 40, 0, 0], _s=63}
2026-08-16 01:29:13.973 INFO [recvWorker-30][:] - 副属性 id=281873304391993039 type=AttributeType{value=1, name='基本属性加成'} sysAtt=AIA{vs=[0, 0, 0, 0, 0, 0, 0, 0, 0, 0, 0, 0, 0, 0, 0, 0, 0, 0, 0, 0, 0, 0, 0, 0, 0, 0, 0, 0, 0, 0, 0, 0, 0, 0, 0, 0, 0, 0, 0, 0, 0, 0, 0, 0, 0, 0, 0, 0, 0, 0, 0, 0, 0, 0, 0], _s=55}
2026-08-16 01:29:13.973 INFO [recvWorker-30][:] - 副属性 id=281873304391993039 type=AttributeType{value=2, name='装备属性'} sysAtt=AIA{vs=[0, 0, 0, 0, 0, 0, 0, 0, 0, 0, 0, 0, 0, 0, 0, 0, 0, 0, 0, 0, 0, 0, 0, 0, 0, 0, 0, 0, 0, 0, 0, 0, 0, 0, 0, 0, 0, 0, 0, 0, 0, 0, 0, 0, 0, 0, 0, 0, 0, 0, 0, 0, 0, 0, 0], _s=55}
2026-08-16 01:29:13.973 INFO [recvWorker-30][:] - 副属性 id=281873304391993039 type=AttributeType{value=3, name='BUFF属性'} sysAtt=AIA{vs=[0, 0, 0, 0, 0, 0, 0, 0, 0, 0, 0, 0, 0, 0, 0, 0, 0, 0, 0, 0, 0, 0, 0, 0, 0, 0, 0, 0, 0, 0, 0, 0, 0, 0, 0, 0, 0, 0, 0, 0, 0, 0, 0, 0, 0, 0, 0, 0, 0, 0, 0, 0, 0, 0, 0], _s=55}
2026-08-16 01:29:13.973 INFO [recvWorker-30][:] - 副属性 id=281873304391993039 type=AttributeType{value=4, name='属性药'} sysAtt=AIA{vs=[0, 0, 0, 0, 0, 0, 0, 0, 0, 0, 0, 0, 0, 0, 0, 0, 0, 0, 0, 0, 0, 0, 0, 0, 0, 0, 0, 0, 0, 0, 0, 0, 0, 0, 0, 0, 0, 0, 0, 0, 0, 0, 0, 0, 0, 0, 0, 0, 0, 0, 0, 0, 0, 0, 0], _s=55}
2026-08-16 01:29:13.973 INFO [recvWorker-30][:] - 副属性 id=281873304391993039 type=AttributeType{value=5, name='坐骑属性加成'} sysAtt=AIA{vs=[0, 0, 0, 0, 0, 0, 0, 0, 0, 0, 0, 0, 0, 0, 0, 0, 0, 0, 0, 0, 0, 0, 0, 0, 0, 0, 0, 0, 0, 0, 0, 0, 0, 0, 0, 0, 0, 0, 0, 0, 0, 0, 0, 0, 0, 0, 0, 0, 0, 0, 0, 0, 0, 0, 0], _s=55}
2026-08-16 01:29:13.973 INFO [recvWorker-30][:] - 副属性 id=281873304391993039 type=AttributeType{value=6, name='婚姻'} sysAtt=AIA{vs=[0, 0, 0, 0, 0, 0, 0, 0, 0, 0, 0, 0, 0, 0, 0, 0, 0, 0, 0, 0, 0, 0, 0, 0, 0, 0, 0, 0, 0, 0, 0, 0, 0, 0, 0, 0, 0, 0, 0, 0, 0, 0, 0, 0, 0, 0, 0, 0, 0, 0, 0, 0, 0, 0, 0], _s=55}
2026-08-16 01:29:13.973 INFO [recvWorker-30][:] - 副属性 id=281873304391993039 type=AttributeType{value=7, name='宠物'} sysAtt=AIA{vs=[0, 0, 0, 0, 0, 0, 0, 0, 0, 0, 0, 0, 0, 0, 0, 0, 0, 0, 0, 0, 0, 0, 0, 0, 0, 0, 0, 0, 0, 0, 0, 0, 0, 0, 0, 0, 0, 0, 0, 0, 0, 0, 0, 0, 0, 0, 0, 0, 0, 0, 0, 0, 0, 0, 0], _s=55}
2026-08-16 01:29:13.973 INFO [recvWorker-30][:] - 副属性 id=281873304391993039 type=AttributeType{value=8, name='称号'} sysAtt=AIA{vs=[0, 0, 0, 0, 0, 0, 0, 0, 0, 0, 0, 0, 0, 0, 0, 0, 0, 0, 0, 0, 0, 0, 0, 0, 0, 0, 0, 0, 0, 0, 0, 0, 0, 0, 0, 0, 0, 0, 0, 0, 0, 0, 0, 0, 0, 0, 0, 0, 0, 0, 0, 0, 0, 0, 0], _s=55}
2026-08-16 01:29:13.973 INFO [recvWorker-30][:] - 副属性 id=281873304391993039 type=AttributeType{value=9, name='境界VIP'} sysAtt=AIA{vs=[0, 0, 0, 0, 0, 0, 0, 0, 0, 0, 0, 0, 0, 0, 0, 0, 0, 0, 0, 0, 0, 0, 0, 0, 0, 0, 0, 0, 0, 0, 0, 0, 0, 0, 0, 0, 0, 0, 0, 0, 0, 0, 0, 0, 0, 0, 0, 0, 0, 0, 0, 0, 0, 0, 0], _s=55}
2026-08-16 01:29:13.973 INFO [recvWorker-30][:] - 副属性 id=281873304391993039 type=AttributeType{value=10, name='技能'} sysAtt=AIA{vs=[0, 500, 500, 500, 500, 0, 0, 0, 0, 0, 0, 0, 0, 0, 0, 0, 0, 0, 0, 0, 0, 0, 0, 0, 0, 0, 0, 0, 0, 0, 0, 0, 0, 0, 0, 0, 0, 0, 0, 0, 0, 0, 0, 0, 0, 0, 0, 0, 0, 0, 0, 0, 0, 0, 0], _s=55}
2026-08-16 01:29:13.973 INFO [recvWorker-30][:] - 副属性 id=281873304391993039 type=AttributeType{value=11, name='翅膀'} sysAtt=AIA{vs=[0, 0, 0, 0, 0, 0, 0, 0, 0, 0, 0, 0, 0, 0, 0, 0, 0, 0, 0, 0, 0, 0, 0, 0, 0, 0, 0, 0, 0, 0, 0, 0, 0, 0, 0, 0, 0, 0, 0, 0, 0, 0, 0, 0, 0, 0, 0, 0, 0, 0, 0, 0, 0, 0, 0], _s=55}
2026-08-16 01:29:13.973 INFO [recvWorker-30][:] - 副属性 id=281873304391993039 type=AttributeType{value=12, name='任务'} sysAtt=AIA{vs=[0, 0, 0, 0, 0, 0, 0, 0, 0, 0, 0, 0, 0, 0, 0, 0, 0, 0, 0, 0, 0, 0, 0, 0, 0, 0, 0, 0, 0, 0, 0, 0, 0, 0, 0, 0, 0, 0, 0, 0, 0, 0, 0, 0, 0, 0, 0, 0, 0, 0, 0, 0, 0, 0, 0], _s=55}
2026-08-16 01:29:13.973 INFO [recvWorker-30][:] - 副属性 id=281873304391993039 type=AttributeType{value=13, name='魂兽'} sysAtt=AIA{vs=[0, 0, 0, 0, 0, 0, 0, 0, 0, 0, 0, 0, 0, 0, 0, 0, 0, 0, 0, 0, 0, 0, 0, 0, 0, 0, 0, 0, 0, 0, 0, 0, 0, 0, 0, 0, 0, 0, 0, 0, 0, 0, 0, 0, 0, 0, 0, 0, 0, 0, 0, 0, 0, 0, 0], _s=55}
2026-08-16 01:29:13.973 INFO [recvWorker-30][:] - 副属性 id=281873304391993039 type=AttributeType{value=14, name='符咒任务属性'} sysAtt=AIA{vs=[0, 0, 0, 0, 0, 0, 0, 0, 0, 0, 0, 0, 0, 0, 0, 0, 0, 0, 0, 0, 0, 0, 0, 0, 0, 0, 0, 0, 0, 0, 0, 0, 0, 0, 0, 0, 0, 0, 0, 0, 0, 0, 0, 0, 0, 0, 0, 0, 0, 0, 0, 0, 0, 0, 0], _s=55}
2026-08-16 01:29:13.973 INFO [recvWorker-30][:] - 副属性 id=281873304391993039 type=AttributeType{value=15, name='造化子功能法器'} sysAtt=AIA{vs=[0, 0, 0, 0, 0, 0, 0, 0, 0, 0, 0, 0, 0, 0, 0, 0, 0, 0, 0, 0, 0, 0, 0, 0, 0, 0, 0, 0, 0, 0, 0, 0, 0, 0, 0, 0, 0, 0, 0, 0, 0, 0, 0, 0, 0, 0, 0, 0, 0, 0, 0, 0, 0, 0, 0], _s=55}
2026-08-16 01:29:13.973 INFO [recvWorker-30][:] - 副属性 id=281873304391993039 type=AttributeType{value=16, name='造化子功能阵法'} sysAtt=AIA{vs=[0, 0, 0, 0, 0, 0, 0, 0, 0, 0, 0, 0, 0, 0, 0, 0, 0, 0, 0, 0, 0, 0, 0, 0, 0, 0, 0, 0, 0, 0, 0, 0, 0, 0, 0, 0, 0, 0, 0, 0, 0, 0, 0, 0, 0, 0, 0, 0, 0, 0, 0, 0, 0, 0, 0], _s=55}
2026-08-16 01:29:13.973 INFO [recvWorker-30][:] - 副属性 id=281873304391993039 type=AttributeType{value=17, name='造化子功能神兵'} sysAtt=AIA{vs=[0, 0, 0, 0, 0, 0, 0, 0, 0, 0, 0, 0, 0, 0, 0, 0, 0, 0, 0, 0, 0, 0, 0, 0, 0, 0, 0, 0, 0, 0, 0, 0, 0, 0, 0, 0, 0, 0, 0, 0, 0, 0, 0, 0, 0, 0, 0, 0, 0, 0, 0, 0, 0, 0, 0], _s=55}
2026-08-16 01:29:13.973 INFO [recvWorker-30][:] - 副属性 id=281873304391993039 type=AttributeType{value=18, name='宝石'} sysAtt=AIA{vs=[0, 0, 0, 0, 0, 0, 0, 0, 0, 0, 0, 0, 0, 0, 0, 0, 0, 0, 0, 0, 0, 0, 0, 0, 0, 0, 0, 0, 0, 0, 0, 0, 0, 0, 0, 0, 0, 0, 0, 0, 0, 0, 0, 0, 0, 0, 0, 0, 0, 0, 0, 0, 0, 0, 0], _s=55}
2026-08-16 01:29:13.973 INFO [recvWorker-30][:] - 副属性 id=281873304391993039 type=AttributeType{value=19, name='识海'} sysAtt=AIA{vs=[0, 0, 0, 0, 0, 0, 0, 0, 0, 0, 0, 0, 0, 0, 0, 0, 0, 0, 0, 0, 0, 0, 0, 0, 0, 0, 0, 0, 0, 0, 0, 0, 0, 0, 0, 0, 0, 0, 0, 0, 0, 0, 0, 0, 0, 0, 0, 0, 0, 0, 0, 0, 0, 0, 0], _s=55}
2026-08-16 01:29:13.973 INFO [recvWorker-30][:] - 副属性 id=281873304391993039 type=AttributeType{value=20, name='仙魂系统加成'} sysAtt=AIA{vs=[0, 0, 0, 0, 0, 0, 0, 0, 0, 0, 0, 0, 0, 0, 0, 0, 0, 0, 0, 0, 0, 0, 0, 0, 0, 0, 0, 0, 0, 0, 0, 0, 0, 0, 0, 0, 0, 0, 0, 0, 0, 0, 0, 0, 0, 0, 0, 0, 0, 0, 0, 0, 0, 0, 0], _s=55}
2026-08-16 01:29:13.973 INFO [recvWorker-30][:] - 副属性 id=281873304391993039 type=AttributeType{value=21, name='灵压法宝'} sysAtt=AIA{vs=[0, 0, 0, 0, 0, 0, 0, 0, 0, 0, 0, 0, 0, 0, 0, 0, 0, 0, 0, 0, 0, 0, 0, 0, 0, 0, 0, 0, 0, 0, 0, 0, 0, 0, 0, 0, 0, 0, 0, 0, 0, 0, 0, 0, 0, 0, 0, 0, 0, 0, 0, 0, 0, 0, 0], _s=55}
2026-08-16 01:29:13.973 INFO [recvWorker-30][:] - 副属性 id=281873304391993039 type=AttributeType{value=22, name='装备收集'} sysAtt=AIA{vs=[0, 0, 0, 0, 0, 0, 0, 0, 0, 0, 0, 0, 0, 0, 0, 0, 0, 0, 0, 0, 0, 0, 0, 0, 0, 0, 0, 0, 0, 0, 0, 0, 0, 0, 0, 0, 0, 0, 0, 0, 0, 0, 0, 0, 0, 0, 0, 0, 0, 0, 0, 0, 0, 0, 0], _s=55}
2026-08-16 01:29:13.973 INFO [recvWorker-30][:] - 副属性 id=281873304391993039 type=AttributeType{value=23, name='圣装系统加成'} sysAtt=AIA{vs=[0, 0, 0, 0, 0, 0, 0, 0, 0, 0, 0, 0, 0, 0, 0, 0, 0, 0, 0, 0, 0, 0, 0, 0, 0, 0, 0, 0, 0, 0, 0, 0, 0, 0, 0, 0, 0, 0, 0, 0, 0, 0, 0, 0, 0, 0, 0, 0, 0, 0, 0, 0, 0, 0, 0], _s=55}
2026-08-16 01:29:13.973 INFO [recvWorker-30][:] - 副属性 id=281873304391993039 type=AttributeType{value=24, name='洗髓属性'} sysAtt=AIA{vs=[0, 0, 0, 0, 0, 0, 0, 0, 0, 0, 0, 0, 0, 0, 0, 0, 0, 0, 0, 0, 0, 0, 0, 0, 0, 0, 0, 0, 0, 0, 0, 0, 0, 0, 0, 0, 0, 0, 0, 0, 0, 0, 0, 0, 0, 0, 0, 0, 0, 0, 0, 0, 0, 0, 0], _s=55}
2026-08-16 01:29:13.973 INFO [recvWorker-30][:] - 副属性 id=281873304391993039 type=AttributeType{value=25, name='仙甲属性'} sysAtt=AIA{vs=[0, 0, 0, 0, 0, 0, 0, 0, 0, 0, 0, 0, 0, 0, 0, 0, 0, 0, 0, 0, 0, 0, 0, 0, 0, 0, 0, 0, 0, 0, 0, 0, 0, 0, 0, 0, 0, 0, 0, 0, 0, 0, 0, 0, 0, 0, 0, 0, 0, 0, 0, 0, 0, 0, 0], _s=55}
2026-08-16 01:29:13.973 INFO [recvWorker-30][:] - 副属性 id=281873304391993039 type=AttributeType{value=26, name='新化形属性'} sysAtt=AIA{vs=[0, 0, 0, 0, 0, 0, 0, 0, 0, 0, 0, 0, 0, 0, 0, 0, 0, 0, 0, 0, 0, 0, 0, 0, 0, 0, 0, 0, 0, 0, 0, 0, 0, 0, 0, 0, 0, 0, 0, 0, 0, 0, 0, 0, 0, 0, 0, 0, 0, 0, 0, 0, 0, 0, 0], _s=55}
2026-08-16 01:29:13.973 INFO [recvWorker-30][:] - 副属性 id=281873304391993039 type=AttributeType{value=27, name='新时装属性'} sysAtt=AIA{vs=[0, 0, 0, 0, 0, 0, 0, 0, 0, 0, 0, 0, 0, 0, 0, 0, 0, 0, 0, 0, 0, 0, 0, 0, 0, 0, 0, 0, 0, 0, 0, 0, 0, 0, 0, 0, 0, 0, 0, 0, 0, 0, 0, 0, 0, 0, 0, 0, 0, 0, 0, 0, 0, 0, 0], _s=55}
2026-08-16 01:29:13.973 INFO [recvWorker-30][:] - 副属性 id=281873304391993039 type=AttributeType{value=28, name='魂甲系统'} sysAtt=AIA{vs=[0, 0, 0, 0, 0, 0, 0, 0, 0, 0, 0, 0, 0, 0, 0, 0, 0, 0, 0, 0, 0, 0, 0, 0, 0, 0, 0, 0, 0, 0, 0, 0, 0, 0, 0, 0, 0, 0, 0, 0, 0, 0, 0, 0, 0, 0, 0, 0, 0, 0, 0, 0, 0, 0, 0], _s=55}
2026-08-16 01:29:13.973 INFO [recvWorker-30][:] - 副属性 id=281873304391993039 type=AttributeType{value=29, name='魔魂系统'} sysAtt=AIA{vs=[0, 0, 0, 0, 0, 0, 0, 0, 0, 0, 0, 0, 0, 0, 0, 0, 0, 0, 0, 0, 0, 0, 0, 0, 0, 0, 0, 0, 0, 0, 0, 0, 0, 0, 0, 0, 0, 0, 0, 0, 0, 0, 0, 0, 0, 0, 0, 0, 0, 0, 0, 0, 0, 0, 0], _s=55}
2026-08-16 01:29:13.973 INFO [recvWorker-30][:] - 副属性 id=281873304391993039 type=AttributeType{value=30, name='VIP系统'} sysAtt=AIA{vs=[0, 0, 0, 0, 0, 0, 0, 0, 0, 0, 0, 0, 0, 0, 0, 0, 0, 0, 0, 0, 0, 0, 0, 0, 0, 0, 0, 0, 0, 0, 0, 0, 0, 0, 0, 0, 0, 0, 0, 0, 0, 0, 0, 0, 0, 0, 0, 0, 0, 0, 0, 0, 0, 0, 0], _s=55}
2026-08-16 01:29:13.973 INFO [recvWorker-30][:] - 副属性 id=281873304391993039 type=AttributeType{value=31, name='幻装系统'} sysAtt=AIA{vs=[0, 0, 0, 0, 0, 0, 0, 0, 0, 0, 0, 0, 0, 0, 0, 0, 0, 0, 0, 0, 0, 0, 0, 0, 0, 0, 0, 0, 0, 0, 0, 0, 0, 0, 0, 0, 0, 0, 0, 0, 0, 0, 0, 0, 0, 0, 0, 0, 0, 0, 0, 0, 0, 0, 0], _s=55}
2026-08-16 01:29:13.973 INFO [recvWorker-30][:] - 主属性 id=281873304391993039 type=AttributeType{value=1, name='基本属性加成'} att=AIA{vs=[0, 435, 11658, 217, 217, 0, 0, 0, 2001, 0, 0, 142, 142, 0, 0, 0, 0, 0, 0, 0, 0, 0, 0, 0, 0, 0, 0, 0, 0, 0, 0, 0, 0, 0, 0, 0, 0, 0, 0, 0, 0, 0, 0, 0, 1000, 0, 0, 0, 0, 0, 0, 0, 0, 0, 0, 0, 0, 0, 0, 0, 40, 0, 0], _s=63}
2026-08-16 01:29:13.973 INFO [recvWorker-30][:] - 主属性 id=281873304391993039 type=AttributeType{value=2, name='装备属性'} att=AIA{vs=[0, 3827, 23464, 1910, 433, 0, 0, 0, 0, 0, 0, 0, 0, 0, 0, 0, 0, 0, 0, 0, 0, 0, 0, 540, 0, 0, 0, 0, 0, 270, 0, 270, 0, 0, 0, 0, 0, 0, 0, 0, 0, 0, 0, 0, 0, 0, 0, 0, 0, 0, 0, 0, 0, 0, 0, 0, 0, 0, 0, 0, 0, 0, 0], _s=63}
2026-08-16 01:29:13.973 INFO [recvWorker-30][:] - 主属性 id=281873304391993039 type=AttributeType{value=3, name='BUFF属性'} att=AIA{vs=[0, 0, 0, 0, 0, 0, 0, 0, 0, 0, 0, 0, 0, 0, 0, 0, 0, 0, 0, 0, 0, 0, 0, 0, 0, 0, 0, 0, 0, 0, 0, 0, 0, 0, 0, 0, 0, 0, 0, 0, 0, 0, 0, 0, 0, 0, 0, 0, 0, 0, 0, 0, 0, 0, 0, 0, 0, 0, 0, 0, 0, 0, 0], _s=63}
2026-08-16 01:29:13.973 INFO [recvWorker-30][:] - 主属性 id=281873304391993039 type=AttributeType{value=4, name='属性药'} att=AIA{vs=[0, 0, 0, 0, 0, 0, 0, 0, 0, 0, 0, 0, 0, 0, 0, 0, 0, 0, 0, 0, 0, 0, 0, 0, 0, 0, 0, 0, 0, 0, 0, 0, 0, 0, 0, 0, 0, 0, 0, 0, 0, 0, 0, 500, 0, 0, 0, 0, 0, 0, 0, 0, 0, 0, 0, 0, 0, 0, 0, 0, 0, 0, 0], _s=63}
2026-08-16 01:29:13.973 INFO [recvWorker-30][:] - 主属性 id=281873304391993039 type=AttributeType{value=5, name='坐骑属性加成'} att=AIA{vs=[0, 777, 21235, 306, 306, 0, 0, 0, 2500, 0, 0, 0, 0, 0, 0, 0, 0, 0, 0, 0, 0, 0, 0, 0, 0, 0, 0, 0, 0, 0, 0, 0, 0, 0, 0, 0, 0, 0, 0, 0, 0, 0, 0, 0, 0, 0, 0, 0, 0, 0, 0, 0, 0, 0, 0, 0, 0, 0, 0, 0, 0, 0, 0], _s=63}
2026-08-16 01:29:13.973 INFO [recvWorker-30][:] - 主属性 id=281873304391993039 type=AttributeType{value=6, name='婚姻'} att=AIA{vs=[0, 0, 0, 0, 0, 0, 0, 0, 0, 0, 0, 0, 0, 0, 0, 0, 0, 0, 0, 0, 0, 0, 0, 0, 0, 0, 0, 0, 0, 0, 0, 0, 0, 0, 0, 0, 0, 0, 0, 0, 0, 0, 0, 0, 0, 0, 0, 0, 0, 0, 0, 0, 0, 0, 0, 0, 0, 0, 0, 0, 0, 0, 0], _s=63}
2026-08-16 01:29:13.973 INFO [recvWorker-30][:] - 主属性 id=281873304391993039 type=AttributeType{value=7, name='宠物'} att=AIA{vs=[0, 0, 0, 0, 0, 0, 0, 0, 0, 0, 0, 0, 0, 0, 0, 0, 0, 0, 0, 0, 0, 0, 0, 0, 0, 0, 0, 0, 0, 0, 0, 0, 0, 0, 0, 0, 0, 0, 0, 0, 0, 0, 0, 0, 0, 0, 0, 0, 0, 0, 0, 0, 0, 0, 0, 0, 0, 0, 0, 0, 0, 0, 0], _s=63}
2026-08-16 01:29:13.973 INFO [recvWorker-30][:] - 主属性 id=281873304391993039 type=AttributeType{value=8, name='称号'} att=AIA{vs=[0, 0, 0, 0, 0, 0, 0, 0, 0, 0, 0, 0, 0, 0, 0, 0, 0, 0, 0, 0, 0, 0, 0, 0, 0, 0, 0, 0, 0, 0, 0, 0, 0, 0, 0, 0, 0, 0, 0, 0, 0, 0, 0, 0, 0, 0, 0, 0, 0, 0, 0, 0, 0, 0, 0, 0, 0, 0, 0, 0, 0, 0, 0], _s=63}
2026-08-16 01:29:13.973 INFO [recvWorker-30][:] - 主属性 id=281873304391993039 type=AttributeType{value=9, name='境界VIP'} att=AIA{vs=[0, 0, 0, 0, 0, 0, 0, 0, 0, 0, 0, 0, 0, 0, 0, 0, 0, 0, 0, 0, 0, 0, 0, 0, 0, 0, 0, 0, 0, 0, 0, 0, 0, 0, 0, 0, 0, 0, 0, 0, 0, 0, 0, 0, 0, 0, 0, 0, 0, 0, 0, 0, 0, 0, 0, 0, 0, 0, 0, 0, 0, 0, 0], _s=63}
2026-08-16 01:29:13.973 INFO [recvWorker-30][:] - 主属性 id=281873304391993039 type=AttributeType{value=10, name='技能'} att=AIA{vs=[0, 18, 500, 8, 8, 0, 0, 0, 0, 0, 0, 0, 0, 0, 0, 0, 0, 0, 0, 0, 0, 0, 0, 0, 0, 0, 0, 0, 0, 0, 0, 0, 0, 0, 0, 0, 0, 0, 0, 0, 0, 0, 0, 0, 0, 0, 0, 0, 0, 0, 0, 0, 0, 0, 0, 0, 0, 0, 0, 0, 0, 0, 0], _s=63}
2026-08-16 01:29:13.973 INFO [recvWorker-30][:] - 主属性 id=281873304391993039 type=AttributeType{value=11, name='翅膀'} att=AIA{vs=[0, 0, 0, 0, 0, 0, 0, 0, 0, 0, 0, 0, 0, 0, 0, 0, 0, 0, 0, 0, 0, 0, 0, 0, 0, 0, 0, 0, 0, 0, 0, 0, 0, 0, 0, 0, 0, 0, 0, 0, 0, 0, 0, 0, 0, 0, 0, 0, 0, 0, 0, 0, 0, 0, 0, 0, 0, 0, 0, 0, 0, 0, 0], _s=63}
2026-08-16 01:29:13.973 INFO [recvWorker-30][:] - 主属性 id=281873304391993039 type=AttributeType{value=12, name='任务'} att=AIA{vs=[0, 0, 0, 0, 0, 0, 0, 0, 0, 0, 0, 0, 0, 0, 0, 0, 0, 0, 0, 0, 0, 0, 0, 0, 0, 0, 0, 0, 0, 0, 0, 0, 0, 0, 0, 0, 0, 0, 0, 0, 0, 0, 0, 0, 0, 0, 0, 0, 0, 0, 0, 0, 0, 0, 0, 0, 0, 0, 0, 0, 0, 0, 0], _s=63}
2026-08-16 01:29:13.973 INFO [recvWorker-30][:] - 主属性 id=281873304391993039 type=AttributeType{value=13, name='魂兽'} att=AIA{vs=[0, 0, 0, 0, 0, 0, 0, 0, 0, 0, 0, 0, 0, 0, 0, 0, 0, 0, 0, 0, 0, 0, 0, 0, 0, 0, 0, 0, 0, 0, 0, 0, 0, 0, 0, 0, 0, 0, 0, 0, 0, 0, 0, 0, 0, 0, 0, 0, 0, 0, 0, 0, 0, 0, 0, 0, 0, 0, 0, 0, 0, 0, 0], _s=63}
2026-08-16 01:29:13.974 INFO [recvWorker-30][:] - 主属性 id=281873304391993039 type=AttributeType{value=14, name='符咒任务属性'} att=AIA{vs=[0, 0, 0, 0, 0, 0, 0, 0, 0, 0, 0, 0, 0, 0, 0, 0, 0, 0, 0, 0, 0, 0, 0, 0, 0, 0, 0, 0, 0, 0, 0, 0, 0, 0, 0, 0, 0, 0, 0, 0, 0, 0, 0, 0, 0, 0, 0, 0, 0, 0, 0, 0, 0, 0, 0, 0, 0, 0, 0, 0, 0, 0, 0], _s=63}
2026-08-16 01:29:13.974 INFO [recvWorker-30][:] - 主属性 id=281873304391993039 type=AttributeType{value=15, name='造化子功能法器'} att=AIA{vs=[0, 0, 0, 0, 0, 0, 0, 0, 0, 0, 0, 0, 0, 0, 0, 0, 0, 0, 0, 0, 0, 0, 0, 0, 0, 0, 0, 0, 0, 0, 0, 0, 0, 0, 0, 0, 0, 0, 0, 0, 0, 0, 0, 0, 0, 0, 0, 0, 0, 0, 0, 0, 0, 0, 0, 0, 0, 0, 0, 0, 0, 0, 0], _s=63}
2026-08-16 01:29:13.974 INFO [recvWorker-30][:] - 主属性 id=281873304391993039 type=AttributeType{value=16, name='造化子功能阵法'} att=AIA{vs=[0, 0, 0, 0, 0, 0, 0, 0, 0, 0, 0, 0, 0, 0, 0, 0, 0, 0, 0, 0, 0, 0, 0, 0, 0, 0, 0, 0, 0, 0, 0, 0, 0, 0, 0, 0, 0, 0, 0, 0, 0, 0, 0, 0, 0, 0, 0, 0, 0, 0, 0, 0, 0, 0, 0, 0, 0, 0, 0, 0, 0, 0, 0], _s=63}
2026-08-16 01:29:13.974 INFO [recvWorker-30][:] - 主属性 id=281873304391993039 type=AttributeType{value=17, name='造化子功能神兵'} att=AIA{vs=[0, 0, 0, 0, 0, 0, 0, 0, 0, 0, 0, 0, 0, 0, 0, 0, 0, 0, 0, 0, 0, 0, 0, 0, 0, 0, 0, 0, 0, 0, 0, 0, 0, 0, 0, 0, 0, 0, 0, 0, 0, 0, 0, 0, 0, 0, 0, 0, 0, 0, 0, 0, 0, 0, 0, 0, 0, 0, 0, 0, 0, 0, 0], _s=63}
2026-08-16 01:29:13.974 INFO [recvWorker-30][:] - 主属性 id=281873304391993039 type=AttributeType{value=18, name='宝石'} att=AIA{vs=[0, 0, 0, 0, 0, 0, 0, 0, 0, 0, 0, 0, 0, 0, 0, 0, 0, 0, 0, 0, 0, 0, 0, 0, 0, 0, 0, 0, 0, 0, 0, 0, 0, 0, 0, 0, 0, 0, 0, 0, 0, 0, 0, 0, 0, 0, 0, 0, 0, 0, 0, 0, 0, 0, 0, 0, 0, 0, 0, 0, 0, 0, 0], _s=63}
2026-08-16 01:29:13.974 INFO [recvWorker-30][:] - 主属性 id=281873304391993039 type=AttributeType{value=19, name='识海'} att=AIA{vs=[0, 0, 0, 0, 0, 0, 0, 0, 0, 0, 0, 0, 0, 0, 0, 0, 0, 0, 0, 0, 0, 0, 0, 0, 0, 0, 0, 0, 0, 0, 0, 0, 0, 0, 0, 0, 0, 0, 0, 0, 0, 0, 0, 0, 0, 0, 0, 0, 0, 0, 0, 0, 0, 0, 0, 0, 0, 0, 0, 0, 0, 0, 0], _s=63}
2026-08-16 01:29:13.974 INFO [recvWorker-30][:] - 主属性 id=281873304391993039 type=AttributeType{value=20, name='仙魂系统加成'} att=AIA{vs=[0, 0, 0, 0, 0, 0, 0, 0, 0, 0, 0, 0, 0, 0, 0, 0, 0, 0, 0, 0, 0, 0, 0, 0, 0, 0, 0, 0, 0, 0, 0, 0, 0, 0, 0, 0, 0, 0, 0, 0, 0, 0, 0, 0, 0, 0, 0, 0, 0, 0, 0, 0, 0, 0, 0, 0, 0, 0, 0, 0, 0, 0, 0], _s=63}
2026-08-16 01:29:13.974 INFO [recvWorker-30][:] - 主属性 id=281873304391993039 type=AttributeType{value=21, name='灵压法宝'} att=AIA{vs=[0, 0, 0, 0, 0, 0, 0, 0, 0, 0, 0, 0, 0, 0, 0, 0, 0, 0, 0, 0, 0, 0, 0, 0, 0, 0, 0, 0, 0, 0, 0, 0, 0, 0, 0, 0, 0, 0, 0, 0, 0, 0, 0, 0, 0, 0, 0, 0, 0, 0, 0, 0, 0, 0, 0, 0, 0, 0, 0, 0, 0, 0, 0], _s=63}
2026-08-16 01:29:13.974 INFO [recvWorker-30][:] - 主属性 id=281873304391993039 type=AttributeType{value=22, name='装备收集'} att=AIA{vs=[0, 0, 0, 0, 0, 0, 0, 0, 0, 0, 0, 0, 0, 0, 0, 0, 0, 0, 0, 0, 0, 0, 0, 0, 0, 0, 0, 0, 0, 0, 0, 0, 0, 0, 0, 0, 0, 0, 0, 0, 0, 0, 0, 0, 0, 0, 0, 0, 0, 0, 0, 0, 0, 0, 0, 0, 0, 0, 0, 0, 0, 0, 0], _s=63}
2026-08-16 01:29:13.974 INFO [recvWorker-30][:] - 主属性 id=281873304391993039 type=AttributeType{value=23, name='圣装系统加成'} att=AIA{vs=[0, 0, 0, 0, 0, 0, 0, 0, 0, 0, 0, 0, 0, 0, 0, 0, 0, 0, 0, 0, 0, 0, 0, 0, 0, 0, 0, 0, 0, 0, 0, 0, 0, 0, 0, 0, 0, 0, 0, 0, 0, 0, 0, 0, 0, 0, 0, 0, 0, 0, 0, 0, 0, 0, 0, 0, 0, 0, 0, 0, 0, 0, 0], _s=63}
2026-08-16 01:29:13.974 INFO [recvWorker-30][:] - 主属性 id=281873304391993039 type=AttributeType{value=24, name='洗髓属性'} att=AIA{vs=[0, 0, 0, 0, 0, 0, 0, 0, 0, 0, 0, 0, 0, 0, 0, 0, 0, 0, 0, 0, 0, 0, 0, 0, 0, 0, 0, 0, 0, 0, 0, 0, 0, 0, 0, 0, 0, 0, 0, 0, 0, 0, 0, 0, 0, 0, 0, 0, 0, 0, 0, 0, 0, 0, 0, 0, 0, 0, 0, 0, 0, 0, 0], _s=63}
2026-08-16 01:29:13.974 INFO [recvWorker-30][:] - 主属性 id=281873304391993039 type=AttributeType{value=25, name='仙甲属性'} att=AIA{vs=[0, 0, 0, 0, 0, 0, 0, 0, 0, 0, 0, 0, 0, 0, 0, 0, 0, 0, 0, 0, 0, 0, 0, 0, 0, 0, 0, 0, 0, 0, 0, 0, 0, 0, 0, 0, 0, 0, 0, 0, 0, 0, 0, 0, 0, 0, 0, 0, 0, 0, 0, 0, 0, 0, 0, 0, 0, 0, 0, 0, 0, 0, 0], _s=63}
2026-08-16 01:29:13.974 INFO [recvWorker-30][:] - 主属性 id=281873304391993039 type=AttributeType{value=26, name='新化形属性'} att=AIA{vs=[0, 467, 12534, 233, 233, 0, 0, 0, 0, 0, 0, 0, 0, 0, 0, 0, 0, 0, 0, 0, 0, 0, 0, 0, 0, 0, 0, 0, 0, 0, 0, 0, 0, 0, 0, 0, 0, 0, 0, 0, 0, 0, 0, 0, 0, 0, 0, 0, 0, 0, 0, 0, 0, 0, 0, 0, 0, 0, 0, 0, 0, 0, 0], _s=63}
2026-08-16 01:29:13.974 INFO [recvWorker-30][:] - 主属性 id=281873304391993039 type=AttributeType{value=27, name='新时装属性'} att=AIA{vs=[0, 654, 17548, 327, 327, 0, 0, 0, 0, 0, 0, 0, 0, 0, 0, 0, 0, 0, 0, 0, 0, 0, 0, 0, 0, 0, 0, 0, 0, 0, 0, 0, 0, 0, 0, 0, 0, 0, 0, 0, 0, 0, 0, 0, 0, 0, 0, 0, 0, 0, 0, 0, 0, 0, 0, 0, 0, 0, 0, 0, 0, 0, 0], _s=63}
2026-08-16 01:29:13.974 INFO [recvWorker-30][:] - 主属性 id=281873304391993039 type=AttributeType{value=28, name='魂甲系统'} att=AIA{vs=[0, 0, 0, 0, 0, 0, 0, 0, 0, 0, 0, 0, 0, 0, 0, 0, 0, 0, 0, 0, 0, 0, 0, 0, 0, 0, 0, 0, 0, 0, 0, 0, 0, 0, 0, 0, 0, 0, 0, 0, 0, 0, 0, 0, 0, 0, 0, 0, 0, 0, 0, 0, 0, 0, 0, 0, 0, 0, 0, 0, 0, 0, 0], _s=63}
2026-08-16 01:29:13.974 INFO [recvWorker-30][:] - 主属性 id=281873304391993039 type=AttributeType{value=29, name='魔魂系统'} att=AIA{vs=[0, 0, 0, 0, 0, 0, 0, 0, 0, 0, 0, 0, 0, 0, 0, 0, 0, 0, 0, 0, 0, 0, 0, 0, 0, 0, 0, 0, 0, 0, 0, 0, 0, 0, 0, 0, 0, 0, 0, 0, 0, 0, 0, 0, 0, 0, 0, 0, 0, 0, 0, 0, 0, 0, 0, 0, 0, 0, 0, 0, 0, 0, 0], _s=63}
2026-08-16 01:29:13.974 INFO [recvWorker-30][:] - 主属性 id=281873304391993039 type=AttributeType{value=30, name='VIP系统'} att=AIA{vs=[0, 311, 8356, 155, 155, 0, 0, 0, 0, 0, 0, 0, 0, 0, 0, 0, 0, 0, 0, 0, 0, 0, 0, 0, 0, 0, 0, 0, 0, 0, 0, 0, 0, 0, 0, 0, 0, 0, 0, 0, 0, 0, 0, 0, 0, 0, 0, 0, 0, 0, 0, 0, 0, 0, 0, 0, 0, 0, 0, 0, 0, 0, 0], _s=63}
2026-08-16 01:29:13.974 INFO [recvWorker-30][:] - 主属性 id=281873304391993039 type=AttributeType{value=31, name='幻装系统'} att=AIA{vs=[0, 0, 0, 0, 0, 0, 0, 0, 0, 0, 0, 0, 0, 0, 0, 0, 0, 0, 0, 0, 0, 0, 0, 0, 0, 0, 0, 0, 0, 0, 0, 0, 0, 0, 0, 0, 0, 0, 0, 0, 0, 0, 0, 0, 0, 0, 0, 0, 0, 0, 0, 0, 0, 0, 0, 0, 0, 0, 0, 0, 0, 0, 0], _s=63}
2026-08-16 01:29:13.974 INFO [recvWorker-30][:] - id:281873304391993039 fightPoint:122132
2026-08-16 01:29:13.974 INFO [recvWorker-30][:] - c：AL{vs=[0, 0, 3588, 660000, 0, 0, 0, 0, 29560, 0, 0, 0, 1100, 0, 0, 0, 100210062, 0, 0, 0, 0, 0, 0, 0, 0, 0, 0, 0, 0, 0, 0, 0, 0, 0, 0, 0, 0, 0], _s=38}
2026-08-16 01:29:13.974 INFO [recvWorker-30][:] - maxhp：95295
2026-08-16 01:29:13.974 INFO [recvWorker-30][:] - id:281873304391993039 att:AL{vs=[0, 6664, 0, 3241, 1679, 0, 0, 0, 4501, 0, 0, 142, 142, 0, 0, 0, 0, 0, 0, 0, 0, 0, 0, 540, 0, 0, 0, 0, 0, 270, 0, 270, 0, 0, 0, 0, 0, 0, 0, 0, 0, 0, 0, 500, 1000, 0, 0, 0, 0, 0, 0, 0, 0, 0, 0, 0, 0, 0, 0, 0, 40, 0, 0], _s=63}
